X1,X2,Y
0.162166217,0,0
0.724821234,1,0
0.78459106,1,1
0.216755974,0,0
0.828123347,0,1
0.031784311,0,0
0.994024767,0,1
0.936862847,0,1
0.805984223,0,1
0.873078275,0,1
0.77026738,1,1
0.400318595,0,1
0.139591596,0,0
0.697593459,1,0
0.770805378,1,1
0.225314833,0,0
0.665468702,1,0
0.883465745,0,1
0.369353885,0,1
0.597063983,1,0
0.347023377,0,1
0.397424565,0,1
0.274005469,0,1
0.170879274,0,0
0.388617856,0,1
0.509044892,1,0
0.538807386,1,0
0.295308317,0,1
0.293054093,0,1
0.820182779,0,1
0.119207886,0,0
0.908006787,0,1
0.868693063,0,1
0.868085279,0,1
0.049166992,0,0
0.108836107,0,0
0.405597955,0,1
0.929189929,0,1
0.713728201,1,0
0.34176207,0,1
0.186379055,0,0
0.306664249,0,1
0.833930265,0,1
0.898918278,0,1
0.516773384,1,0
0.126056507,0,0
0.223208419,0,0
0.251675558,0,1
0.768434128,1,1
0.629759561,1,0
0.580808725,1,0
0.908502315,0,1
0.210895836,0,0
0.104044647,0,0
0.881139585,0,1
0.569639175,1,0
0.717941791,1,0
0.756969355,1,1
0.757630777,1,1
0.122071072,0,0
0.378146322,0,1
0.217860565,0,0
0.258705511,0,1
0.345617572,0,1
0.739995289,1,0
0.950319446,0,1
0.084940685,0,0
0.6488376,1,0
0.947220945,0,1
0.195639358,0,0
0.20490549,0,0
0.613126176,1,0
0.147987608,0,0
0.157782425,0,0
0.323588941,0,1
0.958831822,0,1
0.485069052,0,1
0.958742278,0,1
0.654128123,1,0
0.504648036,1,0
0.389829091,0,1
0.997198192,0,1
0.797970437,1,1
0.823122431,0,1
0.422504307,0,1
0.352522262,0,1
0.374519133,0,1
0.688617937,1,0
0.899048722,0,1
0.93095444,0,1
0.005696876,0,0
0.452778729,0,1
0.410268568,0,1
0.652520028,1,0
0.308978452,0,1
0.714647202,1,0
0.208460143,0,0
0.609025298,1,0
0.598126067,1,0
0.548237562,1,0
0.712043166,1,0
0.997500179,0,1
0.145314116,0,0
0.181020551,0,0
0.734280034,1,0
0.73083753,1,0
0.715714346,1,0
0.251020015,0,1
0.906072717,0,1
0.965120859,0,1
0.529547198,1,0
0.610307631,1,0
0.662300932,1,0
0.5193893,1,0
0.532384998,1,0
0.108843285,0,0
0.980288579,0,1
0.00478,0,0
0.791199265,1,1
0.829416657,0,1
0.495781549,0,1
0.579920479,1,0
0.916494397,0,1
0.823210347,0,1
0.42893279,0,1
0.303352225,0,1
0.70432125,1,0
0.018435417,0,0
0.462479133,0,1
0.641220407,1,0
0.551793444,1,0
0.708100815,1,0
0.825338399,0,1
0.120833863,0,0
0.292972519,0,1
0.04842503,0,0
0.261258399,0,1
0.894869476,0,1
0.379833344,0,1
0.00880845,0,0
0.045177572,0,0
0.029808544,0,0
0.111324056,0,0
0.652462647,1,0
0.605308843,1,0
0.426485226,0,1
0.207926266,0,0
0.55652223,1,0
0.069377685,0,0
0.18804316,0,0
0.45526302,0,1
0.902742388,0,1
0.460049153,0,1
0.12002073,0,0
0.53346626,1,0
0.385036716,0,1
0.939659539,0,1
0.527057839,1,0
0.946964232,0,1
0.641651141,1,0
0.50542866,1,0
0.193296298,0,0
0.259285517,0,1
0.024423337,0,0
0.542521108,1,0
0.642548831,1,0
0.119661591,0,0
0.633077371,1,0
0.922661643,0,1
0.19147569,0,0
0.307539143,0,1
0.341541883,0,1
0.888874798,0,1
0.705008176,1,0
0.266903785,0,1
0.472557299,0,1
0.64462484,1,0
0.285560306,0,1
0.855950796,0,1
0.207203043,0,0
0.800501816,0,1
0.195976798,0,0
0.866894328,0,1
0.020830987,0,0
0.68576365,1,0
0.000562108,0,0
0.697394289,1,0
0.871730165,0,1
0.633303093,1,0
0.045082695,0,0
0.076921832,0,0
0.991960319,0,1
0.22424324,0,0
0.957890201,0,1
0.198526896,0,0
0.522797534,1,0
0.96332873,0,1
0.520919205,1,0
0.05074102,0,0
0.247214274,0,0
0.237161436,0,0
0.872340806,0,1
0.000357581,0,0
0.642156516,1,0
0.798061094,1,1
0.546729354,1,0
0.25229529,0,1
0.960361785,0,1
0.855091988,0,1
0.039996271,0,0
0.441798386,0,1
0.038986588,0,0
0.516247227,1,0
0.204347711,0,0
0.895991829,0,1
0.132187305,0,0
0.682177274,1,0
0.313307495,0,1
0.784062634,1,1
0.529610299,1,0
0.315008064,0,1
0.28927366,0,1
0.638139511,1,0
0.23685768,0,0
0.703003354,1,0
0.029901495,0,0
0.801766113,0,1
0.792824363,1,1
0.586070564,1,0
0.888859903,0,1
0.918318107,0,1
0.584070559,1,0
0.739292147,1,0
0.164108786,0,0
0.141547227,0,0
0.818939338,0,1
0.564582856,1,0
0.321007728,0,1
0.171636448,0,0
0.480615802,0,1
0.41060947,0,1
0.560741638,1,0
0.863647758,0,1
0.874527804,0,1
0.758603072,1,1
0.51069102,1,0
0.407506559,0,1
0.487426236,0,1
0.381009322,0,1
0.475373045,0,1
0.760009797,1,1
0.582754251,1,0
0.373225665,0,1
0.662714481,1,0
0.779514365,1,1
0.236334431,0,0
0.313879432,0,1
0.411713837,0,1
0.795477721,1,1
0.168413361,0,0
0.543768232,1,0
0.069423744,0,0
0.443678428,0,1
0.273663922,0,1
0.581696114,1,0
0.506921328,1,0
0.485366143,0,1
0.63329854,1,0
0.797224664,1,1
0.5789697,1,0
0.433633491,0,1
0.135978475,0,0
0.085514456,0,0
0.431118752,0,1
0.428214325,0,1
0.442190579,0,1
0.146412263,0,0
0.665586605,1,0
0.938555586,0,1
0.068991219,0,0
0.07714237,0,0
0.88275688,0,1
0.459963031,0,1
0.370772526,0,1
0.747045363,1,0
0.171093815,0,0
0.947983256,0,1
0.846754228,0,1
0.50838418,1,0
0.244955243,0,0
0.192755454,0,0
0.164190977,0,0
0.011806202,0,0
0.078759111,0,0
0.337136326,0,1
0.907030406,0,1
0.510989925,1,0
0.328990623,0,1
0.453175752,0,1
0.628271599,1,0
0.375063741,0,1
0.58961182,1,0
0.287753622,0,1
0.649608312,1,0
0.88186055,0,1
0.271839732,0,1
0.900995591,0,1
0.036760875,0,0
0.793684315,1,1
0.236983943,0,0
0.848684149,0,1
0.121112483,0,0
0.01609593,0,0
0.880537915,0,1
0.31475013,0,1
0.629441053,1,0
0.184734542,0,0
0.684323474,1,0
0.790601828,1,1
0.663393693,1,0
0.201604447,0,0
0.040519329,0,0
0.537860034,1,0
0.663304481,1,0
0.068312746,0,0
0.757377405,1,1
0.555745743,1,0
0.855578756,0,1
0.861303799,0,1
0.76406711,1,1
0.912036835,0,1
0.182514914,0,0
0.965165915,0,1
0.932161883,0,1
0.873069998,0,1
0.694079859,1,0
0.906772085,0,1
0.407391927,0,1
0.70342866,1,0
0.593960998,1,0
0.737765433,1,0
0.11670533,0,0
0.69358537,1,0
0.313583802,0,1
0.231502948,0,0
0.168017474,0,0
0.022449344,0,0
0.818017446,0,1
0.401426103,0,1
0.440420843,0,1
0.794411819,1,1
0.368496547,0,1
0.762175565,1,1
0.634245455,1,0
0.643483615,1,0
0.031361735,0,0
0.07066906,0,0
0.518775832,1,0
0.625835074,1,0
0.520572,1,0
0.775722389,1,1
0.045337276,0,0
0.406877157,0,1
0.066931296,0,0
0.167997192,0,0
0.470810154,0,1
0.510763806,1,0
0.229988963,0,0
0.94689125,0,1
0.94856484,0,1
0.914405054,0,1
0.312970258,0,1
0.205281646,0,0
0.713537274,1,0
0.099147678,0,0
0.673360954,1,0
0.846523028,0,1
0.537084637,1,0
0.931888691,0,1
0.785898464,1,1
0.044877144,0,0
0.973627735,0,1
0.884137847,0,1
0.624375414,1,0
0.183068213,0,0
0.540346044,1,0
0.162226903,0,0
0.225622295,0,0
0.696373171,1,0
0.546094114,1,0
0.571653115,1,0
0.621170185,1,0
0.983538011,0,1
0.229589925,0,0
0.78391912,1,1
0.073415861,0,0
0.048849553,0,0
0.275791714,0,1
0.15906175,0,0
0.31650122,0,1
0.550943527,1,0
0.471333783,0,1
0.170538282,0,0
0.330076885,0,1
0.20023428,0,0
0.991423374,0,1
0.084426954,0,0
0.476517582,0,1
0.029668817,0,0
0.380458065,0,1
0.909969959,0,1
0.469262602,0,1
0.12018804,0,0
0.950318948,0,1
0.282639418,0,1
0.81547283,0,1
0.069226639,0,0
0.048106948,0,0
0.846360317,0,1
0.869918915,0,1
0.149045568,0,0
0.183808555,0,0
0.221982611,0,0
0.404065604,0,1
0.285851982,0,1
0.553517318,1,0
0.257348198,0,1
0.205809815,0,0
0.809897821,0,1
0.658958148,1,0
0.80742842,0,1
0.536010893,1,0
0.159568837,0,0
0.742610786,1,0
0.996271418,0,1
0.139405874,0,0
0.286575355,0,1
0.933549019,0,1
0.900099567,0,1
0.783454273,1,1
0.235466953,0,0
0.964938313,0,1
0.474626676,0,1
0.518814591,1,0
0.308110721,0,1
0.750681122,1,1
0.173918612,0,0
0.670606876,1,0
0.327011551,0,1
0.70799744,1,0
0.586951495,1,0
0.218651203,0,0
0.603736701,1,0
0.698835757,1,0
0.005562884,0,0
0.833543017,0,1
0.18887128,0,0
0.176439123,0,0
0.545335395,1,0
0.991740071,0,1
0.966011951,0,1
0.262254228,0,1
0.889313073,0,1
0.0274258,0,0
0.568908926,1,0
0.930926896,0,1
0.459953122,0,1
0.970528537,0,1
0.454656182,0,1
0.976128256,0,1
0.11347995,0,0
0.650649095,1,0
0.922547913,0,1
0.013919103,0,0
0.786353562,1,1
0.764907163,1,1
0.601247888,1,0
0.556956032,1,0
0.646271524,1,0
0.424997769,0,1
0.07379581,0,0
0.059970419,0,0
0.572626341,1,0
0.364420419,0,1
0.301518548,0,1
0.843726726,0,1
0.488144137,0,1
0.353962089,0,1
0.688335466,1,0
0.40286112,0,1
0.370576475,0,1
0.890465303,0,1
0.469152591,0,1
0.751673556,1,1
0.179629892,0,0
0.686424992,1,0
0.296423774,0,1
0.448844318,0,1
0.497740663,0,1
0.673745636,1,0
0.285973663,0,1
0.163796397,0,0
0.184987532,0,0
0.671277493,1,0
0.220911288,0,0
0.991514008,0,1
0.078934325,0,0
0.681126602,1,0
0.036838806,0,0
0.009047708,0,0
0.799690427,1,1
0.191618173,0,0
0.577841765,1,0
0.501743329,1,0
0.969060594,0,1
0.505721728,1,0
0.254135563,0,1
0.68230103,1,0
0.064746511,0,0
0.042198034,0,0
0.829705238,0,1
0.413733891,0,1
0.20504955,0,0
0.359129281,0,1
0.126316606,0,0
0.423038392,0,1
0.870087775,0,1
0.102740902,0,0
0.094279531,0,0
0.358621144,0,1
0.823173808,0,1
0.096550735,0,0
0.554911142,1,0
0.439776957,0,1
0.408205084,0,1
0.255984017,0,1
0.386735785,0,1
0.491145503,0,1
0.011001954,0,0
0.997009246,0,1
0.448682732,0,1
0.959826171,0,1
0.890084253,0,1
0.107337827,0,0
0.90677395,0,1
0.176268386,0,0
0.094989512,0,0
0.080551179,0,0
0.819612993,0,1
0.79898052,1,1
0.602430457,1,0
0.276273772,0,1
0.757396605,1,1
0.651752564,1,0
0.383758618,0,1
0.848629046,0,1
0.028292717,0,0
0.808916513,0,1
0.782961964,1,1
0.379678251,0,1
0.145816064,0,0
0.887575705,0,1
0.302567002,0,1
0.697867509,1,0
0.043692275,0,0
0.068484217,0,0
0.106170299,0,0
0.355047646,0,1
0.706544666,1,0
0.522968744,1,0
0.409135104,0,1
0.105193737,0,0
0.290530386,0,1
0.470282071,0,1
0.311321094,0,1
0.18544945,0,0
0.082344533,0,0
0.951581739,0,1
0.002654213,0,0
0.448356395,0,1
0.250496377,0,1
0.274588427,0,1
0.680852657,1,0
0.437934374,0,1
0.474790233,0,1
0.982894357,0,1
0.670331831,1,0
0.740238186,1,0
0.25964437,0,1
0.061600116,0,0
0.890283823,0,1
0.067527462,0,0
0.009909168,0,0
0.62414114,1,0
0.619780882,1,0
0.212901034,0,0
0.128365262,0,0
0.907231933,0,1
0.324928864,0,1
0.797916756,1,1
0.019037124,0,0
0.054836949,0,0
0.370016579,0,1
0.982606159,0,1
0.443076332,0,1
0.921061756,0,1
0.348605918,0,1
0.521434488,1,0
0.104472011,0,0
0.0747558,0,0
0.725747521,1,0
0.999760173,0,1
0.451603442,0,1
0.547080644,1,0
0.395690591,0,1
0.284519571,0,1
0.922870916,0,1
0.862244338,0,1
0.465839302,0,1
0.374434881,0,1
0.750152895,1,1
0.417411931,0,1
0.670157585,1,0
0.03749613,0,0
0.078889665,0,0
0.537256147,1,0
0.684500483,1,0
0.500535494,1,0
0.009778618,0,0
0.858121381,0,1
0.61592743,1,0
0.040052819,0,0
0.443700685,0,1
0.88307708,0,1
0.53457914,1,0
0.380533186,0,1
0.072534155,0,0
0.648475812,1,0
0.859695395,0,1
0.293337078,0,1
0.393527179,0,1
0.911907387,0,1
0.801648813,0,1
0.66092988,1,0
0.079167504,0,0
0.307922273,0,1
0.905685915,0,1
0.103397996,0,0
0.685467207,1,0
0.054186966,0,0
0.90676454,0,1
0.523737027,1,0
0.009093465,0,0
0.073255371,0,0
0.586158757,1,0
0.141450151,0,0
0.259453483,0,1
0.696377246,1,0
0.739657961,1,0
0.935847024,0,1
0.848260933,0,1
0.381257036,0,1
0.501042965,1,0
0.547307372,1,0
0.488856996,0,1
0.163312322,0,0
0.17174844,0,0
0.251028458,0,1
0.294874461,0,1
0.364867673,0,1
0.576246173,1,0
0.378961517,0,1
0.282170405,0,1
0.347913116,0,1
0.33380601,0,1
0.200633274,0,0
0.354998809,0,1
0.188874254,0,0
0.567940022,1,0
0.44201791,0,1
0.299530569,0,1
0.291519038,0,1
0.324760146,0,1
0.56369471,1,0
0.813566867,0,1
0.942008761,0,1
0.976972945,0,1
0.934318542,0,1
0.180270485,0,0
0.530922875,1,0
0.698404624,1,0
0.557772838,1,0
0.661414693,1,0
0.482888693,0,1
0.51561187,1,0
0.509034473,1,0
0.882437427,0,1
0.117721353,0,0
0.523074528,1,0
0.562346889,1,0
0.584358271,1,0
0.24709868,0,0
0.143567042,0,0
0.952202765,0,1
0.86618157,0,1
0.81342509,0,1
0.04701197,0,0
0.092131634,0,0
0.144369257,0,0
0.274448193,0,1
0.359021121,0,1
0.781970446,1,1
0.339887648,0,1
0.263037154,0,1
0.202767743,0,0
0.018706002,0,0
0.661476244,1,0
0.150743272,0,0
0.889156191,0,1
0.832171312,0,1
0.191172161,0,0
0.352793798,0,1
0.208930612,0,0
0.521972499,1,0
0.561242919,1,0
0.298560329,0,1
0.317153389,0,1
0.451389926,0,1
0.578225967,1,0
0.094581857,0,0
0.972661327,0,1
0.631431736,1,0
0.856361407,0,1
0.747425223,1,0
0.935372772,0,1
0.446881832,0,1
0.698609172,1,0
0.7900468,1,1
0.054795267,0,0
0.21162082,0,0
0.957322177,0,1
0.306327103,0,1
0.113145756,0,0
0.443769265,0,1
0.202678036,0,0
0.860311986,0,1
0.971731268,0,1
0.425770984,0,1
0.319654182,0,1
0.817646836,0,1
0.993042248,0,1
0.658723791,1,0
0.021794605,0,0
0.589331839,1,0
0.125262657,0,0
0.525756707,1,0
0.329245126,0,1
0.319683603,0,1
0.617934343,1,0
0.605988072,1,0
0.457807976,0,1
0.851552932,0,1
0.79153091,1,1
0.897106905,0,1
0.815013992,0,1
0.76276119,1,1
0.732610487,1,0
0.749437703,1,0
0.603245722,1,0
0.98998238,0,1
0.128555276,0,0
0.406640871,0,1
0.852780809,0,1
0.863453198,0,1
0.42685147,0,1
0.924217295,0,1
0.013448177,0,0
0.806493912,0,1
0.305879383,0,1
0.952527847,0,1
0.054961086,0,0
0.51922415,1,0
0.120574277,0,0
0.27183949,0,1
0.709174267,1,0
0.734284987,1,0
0.82791897,0,1
0.547536913,1,0
0.172511628,0,0
0.989732349,0,1
0.513970147,1,0
0.007133524,0,0
0.409989368,0,1
0.788541769,1,1
0.379282791,0,1
0.975893874,0,1
0.194994458,0,0
0.436350397,0,1
0.085733767,0,0
0.269421366,0,1
0.471762773,0,1
0.698084546,1,0
0.400346599,0,1
0.900525314,0,1
0.215133846,0,0
0.165189222,0,0
0.506212966,1,0
0.763534122,1,1
0.522267195,1,0
0.293473024,0,1
0.412830591,0,1
0.577831567,1,0
0.6547859,1,0
0.050087401,0,0
0.895289304,0,1
0.192453076,0,0
0.861524056,0,1
0.157414383,0,0
0.02468388,0,0
0.036197391,0,0
0.042380202,0,0
0.337136498,0,1
0.356054215,0,1
0.194185043,0,0
0.308873934,0,1
0.879702486,0,1
0.505893224,1,0
0.932875815,0,1
0.528229486,1,0
0.655043279,1,0
0.907782665,0,1
0.829697628,0,1
0.94243075,0,1
0.090324039,0,0
0.561571654,1,0
0.049097785,0,0
0.273210638,0,1
0.980374914,0,1
0.851347738,0,1
0.061103035,0,0
0.999303368,0,1
0.346104372,0,1
0.188725839,0,0
0.767408669,1,1
0.614610668,1,0
0.581537593,1,0
0.562963831,1,0
0.798814186,1,1
0.492139234,0,1
0.796898985,1,1
0.3474959,0,1
0.566766558,1,0
0.154159,0,0
0.152889942,0,0
0.06159363,0,0
0.296897502,0,1
0.648007173,1,0
0.6743058,1,0
0.528110909,1,0
0.681595741,1,0
0.098992462,0,0
0.027714881,0,0
0.723320139,1,0
0.95773669,0,1
0.019540191,0,0
0.036264102,0,0
0.071763819,0,0
0.727758131,1,0
0.049644556,0,0
0.645479642,1,0
0.566942304,1,0
0.337728762,0,1
0.951771597,0,1
0.574521771,1,0
0.243637434,0,0
0.546733923,1,0
0.116633746,0,0
0.673168427,1,0
0.773079821,1,1
0.634606011,1,0
0.902098915,0,1
0.52712551,1,0
0.52707941,1,0
0.437884007,0,1
0.61555222,1,0
0.916404274,0,1
0.06343,0,0
0.225520726,0,0
0.599167489,1,0
0.287094314,0,1
0.975457841,0,1
0.297430506,0,1
0.348733554,0,1
0.607159746,1,0
0.238555445,0,0
0.998756222,0,1
0.316594597,0,1
0.552518968,1,0
0.232871526,0,0
0.927679782,0,1
0.898438902,0,1
0.4375169,0,1
0.904219007,0,1
0.204328759,0,0
0.781710982,1,1
0.494889611,0,1
0.620578801,1,0
0.85511447,0,1
0.045828839,0,0
0.606661515,1,0
0.027234859,0,0
0.909970307,0,1
0.568741524,1,0
0.483992295,0,1
0.031835564,0,0
0.792196798,1,1
0.739494591,1,0
0.732272582,1,0
0.918324224,0,1
0.773626855,1,1
0.431338256,0,1
0.65075501,1,0
0.501757155,1,0
0.180239301,0,0
0.518816586,1,0
0.908243947,0,1
0.989905704,0,1
0.47846857,0,1
0.206254604,0,0
0.331262578,0,1
0.228147928,0,0
0.08635747,0,0
0.426393199,0,1
0.562668564,1,0
0.085686357,0,0
0.590484949,1,0
0.433555353,0,1
0.818178311,0,1
0.312026164,0,1
0.495271556,0,1
0.248796531,0,0
0.902124338,0,1
0.709488777,1,0
0.460869316,0,1
0.429140744,0,1
0.365376578,0,1
0.898471934,0,1
0.974969051,0,1
0.480536459,0,1
0.971459643,0,1
0.639302806,1,0
0.13206414,0,0
0.185610474,0,0
0.832255459,0,1
0.838366436,0,1
0.1652187,0,0
0.306946742,0,1
0.318475593,0,1
0.284280075,0,1
0.110759879,0,0
0.749987324,1,0
0.648562875,1,0
0.761980181,1,1
0.346910358,0,1
0.846365356,0,1
0.500357171,1,0
0.369753273,0,1
0.952422864,0,1
0.735680745,1,0
0.735568435,1,0
0.992122461,0,1
0.125780381,0,0
0.445667172,0,1
0.605937155,1,0
0.730283777,1,0
0.497717,0,1
0.997627703,0,1
0.794443906,1,1
0.902809046,0,1
0.156406021,0,0
0.327234909,0,1
0.247554442,0,0
0.338800171,0,1
0.959240441,0,1
0.745529619,1,0
0.844684076,0,1
0.731492447,1,0
0.305191349,0,1
0.512866238,1,0
0.662840401,1,0
0.807472394,0,1
0.192606301,0,0
0.680782025,1,0
0.217409119,0,0
0.505332739,1,0
0.238105692,0,0
0.411998892,0,1
0.334539075,0,1
0.432380495,0,1
0.914358543,0,1
0.289376873,0,1
0.864507034,0,1
0.185841443,0,0
0.926315488,0,1
0.420486996,0,1
0.821386486,0,1
0.027701559,0,0
0.864947442,0,1
0.831649057,0,1
0.642129586,1,0
0.797070379,1,1
0.686899414,1,0
0.576207107,1,0
0.170201455,0,0
0.442554179,0,1
0.599931781,1,0
0.254075755,0,1
0.17496798,0,0
0.416626175,0,1
0.818523142,0,1
0.380756471,0,1
0.090372042,0,0
0.12813973,0,0
0.363064591,0,1
0.239903822,0,0
0.949856458,0,1
0.828186213,0,1
0.651832101,1,0
0.533550668,1,0
0.895090222,0,1
0.176894592,0,0
0.21968603,0,0
0.958151401,0,1
0.13980709,0,0
0.119362965,0,0
0.823710521,0,1
0.415125887,0,1
0.351957087,0,1
0.633568587,1,0
0.19979277,0,0
0.813963063,0,1
0.580644256,1,0
0.003390949,0,0
0.371047906,0,1
0.722867825,1,0
0.745396803,1,0
0.121281956,0,0
0.646078088,1,0
0.51073724,1,0
0.975210284,0,1
0.215826991,0,0
0.80420015,0,1
0.125088745,0,0
0.741074255,1,0
0.161513749,0,0
0.646352984,1,0
0.040197212,0,0
0.880941949,0,1
0.331193172,0,1
0.099675881,0,0
0.044992491,0,0
0.406289266,0,1
0.603972852,1,0
0.469151175,0,1
0.166775863,0,0
0.364211628,0,1
0.397110127,0,1
0.24747661,0,0
0.044657755,0,0
0.127293458,0,0
0.3093358,0,1
0.440331319,0,1
0.052115428,0,0
0.124302244,0,0
0.329463914,0,1
0.247392084,0,0
0.668672931,1,0
0.048267689,0,0
0.910336971,0,1
0.265845519,0,1
0.429606633,0,1
0.761214292,1,1
0.053630517,0,0
0.020579112,0,0
0.208593832,0,0
0.771633001,1,1
0.582045681,1,0
0.68309053,1,0
0.279920526,0,1
0.456543177,0,1
0.238397497,0,0
0.158089898,0,0
0.480916878,0,1
0.291038346,0,1
0.642715854,1,0
0.396801992,0,1
0.003472668,0,0
0.439790802,0,1
0.288464709,0,1
0.251901148,0,1
0.362007038,0,1
0.081332076,0,0
0.514556508,1,0
0.908493769,0,1
0.470727781,0,1
0.157966406,0,0
0.817831827,0,1
0.510324876,1,0
0.800371181,0,1
0.439237778,0,1
0.904027305,0,1
0.9204201,0,1
0.999895673,0,1
0.501098183,1,0
0.943666111,0,1
0.741606117,1,0
0.18061719,0,0
0.427304941,0,1
0.927400816,0,1
0.913381128,0,1
0.061821567,0,0
0.045883385,0,0
0.862816674,0,1
0.31779792,0,1
0.304624288,0,1
0.086769447,0,0
0.606051625,1,0
0.6021361,1,0
0.550744172,1,0
0.995989694,0,1
0.793937419,1,1
0.25228244,0,1
0.669667401,1,0
0.880310699,0,1
0.775465008,1,1
0.413940926,0,1
0.145815448,0,0
0.292458456,0,1
0.062922744,0,0
0.900235796,0,1
0.234212312,0,0
0.966618036,0,1
0.858579429,0,1
0.324786013,0,1
0.441069533,0,1
0.332876953,0,1
0.061854739,0,0
0.397125583,0,1
0.305088941,0,1
0.44399355,0,1
0.765070594,1,1
0.377167293,0,1
0.094668585,0,0
0.593686346,1,0
0.732386661,1,0
0.549731029,1,0
0.210876314,0,0
0.689616104,1,0
0.200366076,0,0
0.252269181,0,1
0.516973945,1,0
0.837177293,0,1
0.480022737,0,1
0.674644682,1,0
0.51163702,1,0
0.987001177,0,1
0.322776336,0,1
0.739142617,1,0
0.710221503,1,0
0.831005503,0,1
0.583260337,1,0
0.674592366,1,0
0.316703577,0,1
0.20591252,0,0
0.82283647,0,1
0.347545566,0,1
0.548862743,1,0
0.347506048,0,1
0.71074321,1,0
0.315485439,0,1
0.127225103,0,0
0.50110557,1,0
0.636319783,1,0
0.991691204,0,1
0.937138065,0,1
0.633821595,1,0
0.947009165,0,1
0.90444697,0,1
0.888051402,0,1
0.781538454,1,1
0.300342544,0,1
0.918917688,0,1
0.70437296,1,0
0.42795067,0,1
0.488731868,0,1
0.388775147,0,1
0.325211137,0,1
0.269815593,0,1
0.876413061,0,1
0.369164625,0,1
0.780414884,1,1
0.839738933,0,1
0.365739715,0,1
0.266708587,0,1
0.271169494,0,1
0.41521332,0,1
0.873541933,0,1
0.424554845,0,1
0.425789082,0,1
0.41019368,0,1
0.868307747,0,1
0.346211456,0,1
0.693553258,1,0
0.143453518,0,0
0.829761227,0,1
0.624160364,1,0
0.183774572,0,0
0.768037703,1,1
0.647006021,1,0
0.395166122,0,1
0.107531691,0,0
0.171398337,0,0
0.693907993,1,0
0.036573514,0,0
0.011250861,0,0
0.467276727,0,1
0.698061602,1,0
0.843512665,0,1
0.221561074,0,0
0.479620213,0,1
0.517627576,1,0
0.157386888,0,0
0.442473749,0,1
0.821645543,0,1
0.339421177,0,1
0.056346318,0,0
0.637949116,1,0
0.660641567,1,0
0.236446369,0,0
0.050743572,0,0
0.442538028,0,1
0.894105664,0,1
0.461866047,0,1
0.397449038,0,1
0.114480299,0,0
0.886221465,0,1
0.571856829,1,0
0.775598892,1,1
0.418651805,0,1
0.792175982,1,1
0.7488074,1,0
0.792229227,1,1
0.556078848,1,0
0.239214612,0,0
0.312071443,0,1
0.743081689,1,0
0.088177009,0,0
0.679954045,1,0
0.477008463,0,1
0.49037527,0,1
0.889696294,0,1
0.064667851,0,0
0.035478736,0,0
0.843197888,0,1
0.551661942,1,0
0.216364454,0,0
0.536347784,1,0
0.130154583,0,0
0.34465513,0,1
0.909970892,0,1
0.845132144,0,1
0.357705531,0,1
0.249641914,0,0
0.10422193,0,0
0.784356599,1,1
0.605189937,1,0
0.643904881,1,0
0.670178728,1,0
0.96679629,0,1
0.137407653,0,0
0.030899681,0,0
0.79727993,1,1
0.07304236,0,0
0.903511546,0,1
0.874220505,0,1
0.33608837,0,1
0.016062093,0,0
0.361993995,0,1
0.85219437,0,1
0.81601709,0,1
0.862101813,0,1
0.781918903,1,1
0.744595698,1,0
0.173812028,0,0
0.200303009,0,0
0.448745338,0,1
0.688955011,1,0
0.527745032,1,0
0.043560541,0,0
0.502708459,1,0
0.157575707,0,0
0.59580042,1,0
0.061913885,0,0
0.809468211,0,1
0.10549517,0,0
0.460394202,0,1
0.810484476,0,1
0.592164172,1,0
0.390332285,0,1
0.313523428,0,1
0.601026067,1,0
0.648104847,1,0
0.987090345,0,1
0.379710836,0,1
0.798829268,1,1
0.763131905,1,1
0.36486953,0,1
0.153543604,0,0
0.376307992,0,1
0.833483174,0,1
0.216547437,0,0
0.767071911,1,1
0.215186077,0,0
0.091901079,0,0
0.90874415,0,1
0.320813549,0,1
0.499123738,0,1
0.30295546,0,1
0.938130328,0,1
0.931179407,0,1
0.470540248,0,1
0.292413297,0,1
0.913660416,0,1
0.057219071,0,0
0.54007272,1,0
0.621922648,1,0
0.636146582,1,0
0.419646732,0,1
0.325273254,0,1
0.332390781,0,1
0.760429291,1,1
0.646386244,1,0
0.421816922,0,1
0.900079877,0,1
0.756753175,1,1
0.1440153,0,0
0.767434892,1,1
0.437602162,0,1
0.530487606,1,0
0.636991706,1,0
0.084031269,0,0
0.631487935,1,0
0.760627996,1,1
0.259409063,0,1
0.198915373,0,0
0.908358457,0,1
0.743782034,1,0
0.172708067,0,0
0.529892558,1,0
0.230186305,0,0
0.630975364,1,0
0.443647472,0,1
0.918539857,0,1
0.134199941,0,0
0.410525209,0,1
0.188896651,0,0
0.354756201,0,1
0.362339183,0,1
0.464991341,0,1
0.107444393,0,0
0.186248859,0,0
0.102329191,0,0
0.682207925,1,0
0.065960129,0,0
0.170625425,0,0
0.802697211,0,1
0.039290373,0,0
0.866780748,0,1
0.24221158,0,0
0.798119471,1,1
0.964483108,0,1
0.296071406,0,1
0.051368775,0,0
0.937103608,0,1
0.199219103,0,0
0.333801866,0,1
0.786831698,1,1
0.681390521,1,0
0.729210315,1,0
0.380943992,0,1
0.973252941,0,1
0.557022557,1,0
0.749614684,1,0
0.329605939,0,1
0.033000675,0,0
0.730875307,1,0
0.063074658,0,0
0.091511827,0,0
0.272296959,0,1
0.351528512,0,1
0.549793515,1,0
0.429503982,0,1
0.452682386,0,1
0.408668183,0,1
0.159776739,0,0
0.529968533,1,0
0.896643996,0,1
0.549752594,1,0
0.608196231,1,0
0.727198777,1,0
0.313315786,0,1
0.5565093,1,0
0.880409795,0,1
0.992793262,0,1
0.395716336,0,1
0.330788394,0,1
0.69869016,1,0
0.786954137,1,1
0.827170903,0,1
0.847356139,0,1
0.568771817,1,0
0.148465005,0,0
0.360829126,0,1
0.269501572,0,1
0.727811863,1,0
0.598051262,1,0
0.300797728,0,1
0.566772057,1,0
0.080849387,0,0
0.928376907,0,1
0.925119385,0,1
0.301261489,0,1
0.286784967,0,1
0.479601697,0,1
0.274568406,0,1
0.620740356,1,0
0.771001385,1,1
0.929475107,0,1
0.340019064,0,1
0.412529706,0,1
0.600431706,1,0
0.707204667,1,0
0.695704784,1,0
0.894315013,0,1
0.563545357,1,0
0.183204,0,0
0.35518039,0,1
0.105717351,0,0
0.003051982,0,0
0.998179898,0,1
0.220577814,0,0
0.547773747,1,0
0.157107246,0,0
0.230528159,0,0
0.247376332,0,0
0.361683132,0,1
0.828296133,0,1
0.285287223,0,1
0.209205996,0,0
0.730799505,1,0
0.03268049,0,0
0.956717003,0,1
0.828638735,0,1
0.119481954,0,0
0.609242676,1,0
0.478430696,0,1
0.572203368,1,0
0.950937291,0,1
0.488406456,0,1
0.420481315,0,1
0.213541499,0,0
0.197317752,0,0
0.444824091,0,1
0.748534537,1,0
0.661378609,1,0
0.032314186,0,0
0.959746046,0,1
0.072449394,0,0
0.893303045,0,1
0.849572162,0,1
0.001440724,0,0
0.060903042,0,0
0.952078207,0,1
0.53258738,1,0
0.220999647,0,0
0.718748816,1,0
0.877792841,0,1
0.313386553,0,1
0.935800261,0,1
0.294512508,0,1
0.331855739,0,1
0.530237618,1,0
0.451782142,0,1
0.819886999,0,1
0.530904644,1,0
0.772479057,1,1
0.383190811,0,1
0.753467679,1,1
0.614271124,1,0
0.196538523,0,0
0.668467567,1,0
0.149278629,0,0
0.941425581,0,1
0.125828329,0,0
0.718494428,1,0
0.909002021,0,1
0.031908222,0,0
0.984079013,0,1
0.178029918,0,0
0.192131079,0,0
0.110159633,0,0
0.465943948,0,1
0.583944448,1,0
0.941313885,0,1
0.296269033,0,1
0.106198931,0,0
0.08078144,0,0
0.378347859,0,1
0.741906972,1,0
0.688820603,1,0
0.691186537,1,0
0.655351546,1,0
0.539109881,1,0
0.023127121,0,0
0.022650716,0,0
0.365363388,0,1
0.772948964,1,1
0.765336622,1,1
0.056444033,0,0
0.824810573,0,1
0.111812191,0,0
0.293471107,0,1
0.619726652,1,0
0.713357377,1,0
0.514783294,1,0
0.080501292,0,0
0.115816859,0,0
0.098416294,0,0
0.534684646,1,0
0.119989217,0,0
0.99779427,0,1
0.024772105,0,0
0.102084245,0,0
0.556841828,1,0
0.510132863,1,0
0.894668347,0,1
0.878761088,0,1
0.214717367,0,0
0.446759729,0,1
0.743254221,1,0
0.770632247,1,1
0.895062897,0,1
0.579369376,1,0
0.416190516,0,1
0.756131359,1,1
0.623723798,1,0
0.950332933,0,1
0.042489773,0,0
0.657685946,1,0
0.532534553,1,0
0.379013419,0,1
0.88654702,0,1
0.27051352,0,1
0.671243594,1,0
0.185152029,0,0
0.182581738,0,0
0.39193679,0,1
0.092630604,0,0
0.922799296,0,1
0.260452761,0,1
0.816592019,0,1
0.594048241,1,0
0.07742207,0,0
0.713954652,1,0
0.734281636,1,0
0.695754822,1,0
0.009420045,0,0
0.141701335,0,0
0.929160232,0,1
0.118208581,0,0
0.54206358,1,0
0.733369013,1,0
0.798919825,1,1
0.374018063,0,1
0.77453863,1,1
0.432968039,0,1
0.592108114,1,0
0.755471141,1,1
0.69339106,1,0
0.154180121,0,0
0.606389771,1,0
0.502202743,1,0
0.379660638,0,1
0.944175514,0,1
0.097121513,0,0
0.897301496,0,1
0.49685372,0,1
0.809002736,0,1
0.830425981,0,1
0.455582744,0,1
0.109537688,0,0
0.376463836,0,1
0.354314223,0,1
0.019077711,0,0
0.913798131,0,1
0.116352738,0,0
0.266737983,0,1
0.621600282,1,0
0.241714659,0,0
0.240521024,0,0
0.412482947,0,1
0.341346385,0,1
0.135469638,0,0
0.63822596,1,0
0.062492639,0,0
0.926239589,0,1
0.307236075,0,1
0.006533804,0,0
0.789707511,1,1
0.607402445,1,0
0.658094717,1,0
0.629206253,1,0
0.750633428,1,1
0.685544929,1,0
0.128425462,0,0
0.446357715,0,1
0.256549526,0,1
0.772332776,1,1
0.359772909,0,1
0.303816623,0,1
0.589510814,1,0
0.385860897,0,1
0.315343695,0,1
0.833271157,0,1
0.869958986,0,1
0.397262178,0,1
0.090465154,0,0
0.302041275,0,1
0.857283747,0,1
0.126996267,0,0
0.640233059,1,0
0.289842021,0,1
0.314742952,0,1
0.969501249,0,1
0.44109225,0,1
0.338243924,0,1
0.380121347,0,1
0.163288324,0,0
0.745097287,1,0
0.192203809,0,0
0.55247268,1,0
0.507182771,1,0
0.090493114,0,0
0.995199301,0,1
0.274415537,0,1
0.738563174,1,0
0.437238907,0,1
0.94929735,0,1
0.569279567,1,0
0.680068355,1,0
0.110865074,0,0
0.246065822,0,0
0.720363666,1,0
0.042378161,0,0
0.340290188,0,1
0.328751168,0,1
0.886822737,0,1
0.786070656,1,1
0.608845286,1,0
0.840635668,0,1
0.233995298,0,0
0.458880495,0,1
0.062367533,0,0
0.804958788,0,1
0.901194108,0,1
0.751629403,1,1
0.940185401,0,1
0.118286916,0,0
0.132558943,0,0
0.009034079,0,0
0.345918804,0,1
0.17482802,0,0
0.847622086,0,1
0.803688203,0,1
0.072177049,0,0
0.950624665,0,1
0.247828086,0,0
0.89281512,0,1
0.266925852,0,1
0.899950877,0,1
0.121099061,0,0
0.977589263,0,1
0.464617593,0,1
0.077165586,0,0
0.038020047,0,0
0.797406593,1,1
0.565671575,1,0
0.921789615,0,1
0.458585407,0,1
0.868495014,0,1
0.639607044,1,0
0.058199469,0,0
0.258323147,0,1
0.631950063,1,0
0.462167276,0,1
0.022180373,0,0
0.184682736,0,0
0.678955709,1,0
0.790144411,1,1
0.677811486,1,0
0.45648719,0,1
0.638196075,1,0
0.235248972,0,0
0.21724807,0,0
0.992681107,0,1
0.477278778,0,1
0.824362931,0,1
0.300726037,0,1
0.223467609,0,0
0.182879736,0,0
0.412275251,0,1
0.878477467,0,1
0.37502796,0,1
0.779364441,1,1
0.931696443,0,1
0.562276845,1,0
0.525815147,1,0
0.530421522,1,0
0.878229522,0,1
0.202719741,0,0
0.600845787,1,0
0.305932283,0,1
0.454097209,0,1
0.381355373,0,1
0.227216587,0,0
0.681840461,1,0
0.289687173,0,1
0.29716717,0,1
0.336869597,0,1
0.632962625,1,0
0.882134147,0,1
0.010849129,0,0
0.660789283,1,0
0.624397588,1,0
0.060078607,0,0
0.556212014,1,0
0.006126013,0,0
0.899907246,0,1
0.928042736,0,1
0.515436864,1,0
0.887865634,0,1
0.720667632,1,0
0.971091559,0,1
0.86958667,0,1
0.01912869,0,0
0.4021217,0,1
0.884295665,0,1
0.423175123,0,1
0.236216326,0,0
0.666024654,1,0
0.583996075,1,0
0.463649036,0,1
0.190681844,0,0
0.64949868,1,0
0.458826316,0,1
0.5073142,1,0
0.177934767,0,0
0.952083364,0,1
0.778862595,1,1
0.425653805,0,1
0.947408945,0,1
0.947736398,0,1
0.938150769,0,1
0.671106816,1,0
0.874101406,0,1
0.855771867,0,1
0.88346932,0,1
0.20798695,0,0
0.011225421,0,0
0.114230354,0,0
0.311609341,0,1
0.661395503,1,0
0.924903985,0,1
0.667900701,1,0
0.276234805,0,1
0.183659462,0,0
0.236178548,0,0
0.315762191,0,1
0.365084376,0,1
0.138011738,0,0
0.629892897,1,0
0.730002013,1,0
0.021573588,0,0
0.69836655,1,0
0.318933232,0,1
0.704630241,1,0
0.512258153,1,0
0.984003778,0,1
0.699292058,1,0
0.278561636,0,1
0.896661473,0,1
0.129661594,0,0
0.935430268,0,1
0.720819156,1,0
0.437283469,0,1
0.199463974,0,0
0.668968572,1,0
0.78488323,1,1
0.481864731,0,1
0.738633572,1,0
0.241191101,0,0
0.471214339,0,1
0.657649925,1,0
0.976063789,0,1
0.871274918,0,1
0.664092537,1,0
0.016714384,0,0
0.572860073,1,0
0.594139826,1,0
0.62222611,1,0
0.802769485,0,1
0.994484793,0,1
0.379735942,0,1
0.351181597,0,1
0.420787472,0,1
0.966846063,0,1
0.39409605,0,1
0.423980799,0,1
0.969878979,0,1
0.305347159,0,1
0.640176708,1,0
0.580717891,1,0
0.4784501,0,1
0.814683231,0,1
0.368842519,0,1
0.732491918,1,0
0.481100889,0,1
0.653995502,1,0
0.047981381,0,0
0.850679825,0,1
0.756085085,1,1
0.504861185,1,0
0.983523648,0,1
0.125288823,0,0
0.479945353,0,1
0.572073538,1,0
0.933522144,0,1
0.186384022,0,0
0.022227989,0,0
0.22433163,0,0
0.329254749,0,1
0.54772991,1,0
0.480068827,0,1
0.275337386,0,1
0.140418741,0,0
0.830382467,0,1
0.548558464,1,0
0.86226979,0,1
0.994477207,0,1
0.246285589,0,0
0.1445097,0,0
0.678448241,1,0
0.958325061,0,1
0.369909758,0,1
0.256939993,0,1
0.217919795,0,0
0.794557073,1,1
0.41607489,0,1
0.065233906,0,0
0.581756112,1,0
0.52271254,1,0
0.113105909,0,0
0.36945348,0,1
0.523478189,1,0
0.616104398,1,0
0.960431068,0,1
0.408824141,0,1
0.35938901,0,1
0.811173099,0,1
0.896530419,0,1
0.56511942,1,0
0.771684129,1,1
0.940295114,0,1
0.594318694,1,0
0.46553752,0,1
0.977236447,0,1
0.389883215,0,1
0.185452275,0,0
0.876717363,0,1
0.482834579,0,1
0.979934225,0,1
0.512577387,1,0
0.119626106,0,0
0.327618216,0,1
0.128427111,0,0
0.264827817,0,1
0.853906706,0,1
0.140874078,0,0
0.248825104,0,0
0.591285297,1,0
0.850346554,0,1
0.074581401,0,0
0.543398808,1,0
0.725686047,1,0
0.175862668,0,0
0.362028847,0,1
0.081382362,0,0
0.15483601,0,0
0.456797595,0,1
0.350438243,0,1
0.386400845,0,1
0.141920626,0,0
0.044304443,0,0
0.869381767,0,1
0.122062299,0,0
0.935012945,0,1
0.005731938,0,0
0.925046981,0,1
0.584693154,1,0
0.690063171,1,0
0.715356052,1,0
0.209295866,0,0
0.588745049,1,0
0.192590849,0,0
0.222183965,0,0
0.324174283,0,1
0.87293074,0,1
0.806777785,0,1
0.449890339,0,1
0.883556069,0,1
0.561564437,1,0
0.688315935,1,0
0.813559689,0,1
0.741067788,1,0
0.520465408,1,0
0.737537302,1,0
0.347060767,0,1
0.403172924,0,1
0.053263199,0,0
0.356992588,0,1
0.974485965,0,1
0.366952083,0,1
0.328357825,0,1
0.906871945,0,1
0.659368618,1,0
0.272671836,0,1
0.457704128,0,1
0.404703816,0,1
0.016022633,0,0
0.55664645,1,0
0.120876477,0,0
0.126861642,0,0
0.212526705,0,0
0.229972805,0,0
0.36485781,0,1
0.78196288,1,1
0.152199575,0,0
0.467094022,0,1
0.342048802,0,1
0.081697614,0,0
0.205714564,0,0
0.459135296,0,1
0.077328325,0,0
0.295227414,0,1
0.981501882,0,1
0.649628772,1,0
0.559606955,1,0
0.394326483,0,1
0.97457517,0,1
0.654555819,1,0
0.831225075,0,1
0.990871425,0,1
0.699201228,1,0
0.972132135,0,1
0.610959516,1,0
0.607006488,1,0
0.784407025,1,1
0.61316979,1,0
0.901120828,0,1
0.957271083,0,1
0.808965955,0,1
0.460546456,0,1
0.947494478,0,1
0.913350177,0,1
0.499404474,0,1
0.681339558,1,0
0.72975221,1,0
0.404946647,0,1
0.864163701,0,1
0.165308205,0,0
0.721423294,1,0
0.985452507,0,1
0.947948324,0,1
0.445318262,0,1
0.55681239,1,0
0.41898871,0,1
0.236253174,0,0
0.632971396,1,0
0.368390517,0,1
0.426795378,0,1
0.405608796,0,1
0.770285379,1,1
0.442131739,0,1
0.306815542,0,1
0.30867651,0,1
0.563707141,1,0
0.127485975,0,0
0.80997264,0,1
0.543235919,1,0
0.030601521,0,0
0.787757927,1,1
0.520515381,1,0
0.348679234,0,1
0.121023783,0,0
0.269024808,0,1
0.021571858,0,0
0.427446915,0,1
0.39166811,0,1
0.561791007,1,0
0.377711758,0,1
0.403700123,0,1
0.373980468,0,1
0.157705414,0,0
0.871713549,0,1
0.769043184,1,1
0.191887489,0,0
0.252229804,0,1
0.452685286,0,1
0.857440727,0,1
0.684543762,1,0
0.124130782,0,0
0.638970343,1,0
0.902665977,0,1
0.996274255,0,1
0.698436122,1,0
0.255889665,0,1
0.129069836,0,0
0.058003408,0,0
0.94359772,0,1
0.549275113,1,0
0.879414269,0,1
0.296015902,0,1
0.255205894,0,1
0.186603104,0,0
0.549253089,1,0
0.098796937,0,0
0.819969994,0,1
0.341501362,0,1
0.735273182,1,0
0.157091043,0,0
0.146104266,0,0
0.436972063,0,1
0.051198101,0,0
0.163496176,0,0
0.672501879,1,0
0.217536826,0,0
0.281569024,0,1
0.669596986,1,0
0.958835043,0,1
0.032866721,0,0
0.405587003,0,1
0.516311554,1,0
0.182090304,0,0
0.601640897,1,0
0.223587115,0,0
0.138726337,0,0
0.03466882,0,0
0.868281849,0,1
0.84611048,0,1
0.806066681,0,1
0.858194479,0,1
0.106665065,0,0
0.379074562,0,1
0.826778929,0,1
0.741778109,1,0
0.258375002,0,1
0.741216363,1,0
0.506677449,1,0
0.426924436,0,1
0.525517968,1,0
0.265704004,0,1
0.84075103,0,1
0.73935771,1,0
0.302185565,0,1
0.648419397,1,0
0.585559235,1,0
0.043760924,0,0
0.74986191,1,0
0.606439551,1,0
0.123203458,0,0
0.383830929,0,1
0.642701249,1,0
0.120221471,0,0
0.397288992,0,1
0.020087925,0,0
0.904717883,0,1
0.567626186,1,0
0.769640927,1,1
0.849921953,0,1
0.245396029,0,0
0.691051217,1,0
0.935792846,0,1
0.987377337,0,1
0.754686403,1,1
0.681606773,1,0
0.370331905,0,1
0.45018529,0,1
0.931789122,0,1
0.711605066,1,0
0.216893585,0,0
0.535707016,1,0
0.861630371,0,1
0.751099143,1,1
0.514207,1,0
0.676913479,1,0
0.558568306,1,0
0.1377961,0,0
0.130107105,0,0
0.941594024,0,1
0.667928461,1,0
0.672660207,1,0
0.258414359,0,1
0.038354106,0,0
0.629362772,1,0
0.404529249,0,1
0.373532798,0,1
0.165864995,0,0
0.738707656,1,0
0.732429431,1,0
0.412743535,0,1
0.18452856,0,0
0.059858945,0,0
0.052748905,0,0
0.785602072,1,1
0.221093301,0,0
0.580525135,1,0
0.760669032,1,1
0.695773647,1,0
0.68107511,1,0
0.422477617,0,1
0.203856846,0,0
0.673585528,1,0
0.06086676,0,0
0.052162364,0,0
0.044000544,0,0
0.428174256,0,1
0.574014834,1,0
0.186605492,0,0
0.400729386,0,1
0.282632591,0,1
0.696772104,1,0
0.124160321,0,0
0.905993904,0,1
0.69766209,1,0
0.573162768,1,0
0.367976308,0,1
0.761146276,1,1
0.577109509,1,0
0.193040539,0,0
0.433018043,0,1
0.365108553,0,1
0.987037504,0,1
0.186763611,0,0
0.738467982,1,0
0.795706921,1,1
0.508613727,1,0
0.684004346,1,0
0.0806481,0,0
0.064509228,0,0
0.043851677,0,0
0.042674018,0,0
0.711922326,1,0
0.681604318,1,0
0.336217073,0,1
0.689682516,1,0
0.176319656,0,0
0.027464599,0,0
0.08287548,0,0
0.395904548,0,1
0.863730526,0,1
0.064208906,0,0
0.001770507,0,0
0.451994364,0,1
0.508092754,1,0
0.290513751,0,1
0.459277495,0,1
0.673324049,1,0
0.339891095,0,1
0.18401071,0,0
0.774996945,1,1
0.455756483,0,1
0.225446573,0,0
0.27865073,0,1
0.770175302,1,1
0.010356324,0,0
0.204573025,0,0
0.583536585,1,0
0.828209133,0,1
0.83321372,0,1
0.674583365,1,0
0.798397015,1,1
0.827155123,0,1
0.687303301,1,0
0.913367513,0,1
0.408179997,0,1
0.48234893,0,1
0.603614697,1,0
0.645610134,1,0
0.10526295,0,0
0.404997075,0,1
0.598899699,1,0
0.018648123,0,0
0.741505856,1,0
0.193026958,0,0
0.45430029,0,1
0.412801937,0,1
0.19225211,0,0
0.398393841,0,1
0.065306693,0,0
0.977275687,0,1
0.959486357,0,1
0.408314721,0,1
0.616235659,1,0
0.824820553,0,1
0.995932922,0,1
0.538724893,1,0
0.822842866,0,1
0.744558236,1,0
0.949002293,0,1
0.678205488,1,0
0.889838299,0,1
0.017716306,0,0
0.770759215,1,1
0.736157903,1,0
0.954837095,0,1
0.685061218,1,0
0.464593432,0,1
0.391661379,0,1
0.01505437,0,0
0.515744214,1,0
0.787042725,1,1
0.487783083,0,1
0.276152942,0,1
0.534967803,1,0
0.075450824,0,0
0.635951072,1,0
0.615148401,1,0
0.016933485,0,0
0.200850969,0,0
0.607471873,1,0
0.549270471,1,0
0.063456122,0,0
0.353931105,0,1
0.306984538,0,1
0.917265854,0,1
0.242274216,0,0
0.036313457,0,0
0.816487535,0,1
0.34008779,0,1
0.148770044,0,0
0.918125089,0,1
0.466020359,0,1
0.413494788,0,1
0.346841281,0,1
0.084298671,0,0
0.077085911,0,0
0.748468171,1,0
0.761740852,1,1
0.628081046,1,0
0.875041849,0,1
0.102597401,0,0
0.679063102,1,0
0.951215464,0,1
0.430766648,0,1
0.200707343,0,0
0.01417007,0,0
0.995618697,0,1
0.28651115,0,1
0.986851576,0,1
0.249846476,0,0
0.120179012,0,0
0.240641729,0,0
0.1687761,0,0
0.024307352,0,0
0.248908371,0,0
0.537345424,1,0
0.324079851,0,1
0.841876786,0,1
0.26317268,0,1
0.776335656,1,1
0.574043667,1,0
0.179485201,0,0
0.188550795,0,0
0.307184364,0,1
0.495397875,0,1
0.182507993,0,0
0.76174706,1,1
0.162482343,0,0
0.058163744,0,0
0.126837432,0,0
0.639188927,1,0
0.457801381,0,1
0.161776168,0,0
0.214655994,0,0
0.699202746,1,0
0.815170774,0,1
0.930655904,0,1
0.990992144,0,1
0.441296472,0,1
0.482396594,0,1
0.264658503,0,1
0.047852855,0,0
0.158265033,0,0
0.131178233,0,0
0.112307581,0,0
0.694883307,1,0
0.769500868,1,1
0.462481426,0,1
0.175309522,0,0
0.041082386,0,0
0.87449435,0,1
0.255206274,0,1
0.552922593,1,0
0.475123739,0,1
0.35921675,0,1
0.274007786,0,1
0.025139399,0,0
0.685855861,1,0
0.021748947,0,0
0.659588203,1,0
0.657305825,1,0
0.723244349,1,0
0.823738603,0,1
0.476870909,0,1
0.805953759,0,1
0.557284319,1,0
0.022425773,0,0
0.205541729,0,0
0.585505226,1,0
0.391086236,0,1
0.319596849,0,1
0.288967352,0,1
0.306737631,0,1
0.873473208,0,1
0.935030572,0,1
0.391043875,0,1
0.472796425,0,1
0.430294466,0,1
0.748934196,1,0
0.202757495,0,0
0.555388986,1,0
0.309147797,0,1
0.769109633,1,1
0.943723194,0,1
0.996332214,0,1
0.896506507,0,1
0.446200534,0,1
0.031709332,0,0
0.273099205,0,1
0.888674033,0,1
0.192009297,0,0
0.211288745,0,0
0.578364216,1,0
0.121392466,0,0
0.821739652,0,1
0.701173302,1,0
0.947934283,0,1
0.885069828,0,1
0.161059968,0,0
0.642042636,1,0
0.883500393,0,1
0.068746853,0,0
0.666996616,1,0
0.800554274,0,1
0.448812232,0,1
0.272746104,0,1
0.436575221,0,1
0.377528825,0,1
0.003631857,0,0
0.008761461,0,0
0.409477606,0,1
0.42948745,0,1
0.698483392,1,0
0.651901434,1,0
0.361557348,0,1
0.620068814,1,0
0.595300087,1,0
0.041093601,0,0
0.079004878,0,0
0.173585427,0,0
0.230931797,0,0
0.732451556,1,0
0.13865648,0,0
0.550692248,1,0
0.734838854,1,0
0.787900365,1,1
0.487928357,0,1
0.230377015,0,0
0.691148649,1,0
0.152068041,0,0
0.379209386,0,1
0.433384054,0,1
0.391197443,0,1
0.640582569,1,0
0.618160122,1,0
0.846532918,0,1
0.448601648,0,1
0.522215656,1,0
0.97409471,0,1
0.153142299,0,0
0.18329302,0,0
0.376833964,0,1
0.822744118,0,1
0.432264334,0,1
0.413150451,0,1
0.446875202,0,1
0.609835962,1,0
0.099953341,0,0
0.692120741,1,0
0.494201806,0,1
0.805208135,0,1
0.310255192,0,1
0.025107067,0,0
0.737548908,1,0
0.63510073,1,0
0.913428588,0,1
0.506471433,1,0
0.397417812,0,1
0.65399384,1,0
0.826413804,0,1
0.867169329,0,1
0.458614085,0,1
0.162412678,0,0
0.387247623,0,1
0.891119581,0,1
0.220015781,0,0
0.992775185,0,1
0.019460902,0,0
0.151406851,0,0
0.157856872,0,0
0.831629939,0,1
0.681346932,1,0
0.776751251,1,1
0.047662763,0,0
0.294855959,0,1
0.907762509,0,1
0.663129068,1,0
0.057400096,0,0
0.595432439,1,0
0.774000782,1,1
0.58062605,1,0
0.193768761,0,0
0.166131322,0,0
0.898689302,0,1
0.096873556,0,0
0.199699393,0,0
0.417708607,0,1
0.424344871,0,1
0.581658854,1,0
0.634027403,1,0
0.123662693,0,0
0.009517383,0,0
0.20222121,0,0
0.728563209,1,0
0.232572885,0,0
0.835762012,0,1
0.322289324,0,1
0.116724203,0,0
0.014251836,0,0
0.012370757,0,0
0.824918325,0,1
0.280116727,0,1
0.546060385,1,0
0.870078276,0,1
0.266870122,0,1
0.650779573,1,0
0.673626827,1,0
0.438998261,0,1
0.298061917,0,1
0.612906482,1,0
0.469196383,0,1
0.866061259,0,1
0.789886682,1,1
0.789614697,1,1
0.284909053,0,1
0.947903998,0,1
0.369023267,0,1
0.067414166,0,0
0.366596544,0,1
0.586757009,1,0
0.130555159,0,0
0.850415578,0,1
0.608049902,1,0
0.092800586,0,0
0.183950731,0,0
0.489867347,0,1
0.334632678,0,1
0.834455504,0,1
0.131855503,0,0
0.894540575,0,1
0.232697599,0,0
0.756520651,1,1
0.518779407,1,0
0.418054209,0,1
0.438162816,0,1
0.799878551,1,1
0.725046567,1,0
0.80405671,0,1
0.716077996,1,0
0.261512785,0,1
0.035581641,0,0
0.434314673,0,1
0.936038362,0,1
0.912619708,0,1
0.192250281,0,0
0.695066825,1,0
0.395616718,0,1
0.031706818,0,0
0.758005336,1,1
0.847055656,0,1
0.86984158,0,1
0.425543597,0,1
0.961875902,0,1
0.027550592,0,0
0.907876194,0,1
0.058027671,0,0
0.985161767,0,1
0.436879203,0,1
0.446983459,0,1
0.42947212,0,1
0.266606314,0,1
0.064963885,0,0
0.725795887,1,0
0.248564658,0,0
0.597145361,1,0
0.610352272,1,0
0.482942942,0,1
0.059373399,0,0
0.288100135,0,1
0.311292114,0,1
0.294119619,0,1
0.434107673,0,1
0.652462627,1,0
0.469574891,0,1
0.495395963,0,1
0.066540829,0,0
0.547766921,1,0
0.861727183,0,1
0.605313204,1,0
0.821357659,0,1
0.208033501,0,0
0.084814223,0,0
0.250045848,0,1
0.697828295,1,0
0.435324355,0,1
0.018712453,0,0
0.481001912,0,1
0.2197123,0,0
0.755454405,1,1
0.199159015,0,0
0.390017316,0,1
0.122541916,0,0
0.454292587,0,1
0.807912211,0,1
0.1378615,0,0
0.053412434,0,0
0.432804412,0,1
0.626530906,1,0
0.331258041,0,1
0.611461871,1,0
0.442455683,0,1
0.896265901,0,1
0.412855582,0,1
0.985917479,0,1
0.28208948,0,1
0.544373314,1,0
0.058185854,0,0
0.655404065,1,0
0.089036446,0,0
0.014485183,0,0
0.101468681,0,0
0.098657785,0,0
0.011296585,0,0
0.699735019,1,0
0.787810874,1,1
0.531310112,1,0
0.268699143,0,1
0.363798889,0,1
0.530835209,1,0
0.189526607,0,0
0.99324586,0,1
0.725416563,1,0
0.052429627,0,0
0.191288425,0,0
0.988881042,0,1
0.850479142,0,1
0.556159231,1,0
0.835025188,0,1
0.54650691,1,0
0.411091187,0,1
0.384301208,0,1
0.305722588,0,1
0.4324215,0,1
0.54886513,1,0
0.528515153,1,0
0.01084659,0,0
0.731698834,1,0
0.024946194,0,0
0.957170636,0,1
0.297880409,0,1
0.311692634,0,1
0.665823736,1,0
0.528057841,1,0
0.815617881,0,1
0.076555004,0,0
0.907940608,0,1
0.190903214,0,0
0.547987256,1,0
0.225117719,0,0
0.648482154,1,0
0.540173926,1,0
0.56072509,1,0
0.727627368,1,0
0.246230442,0,0
0.59864163,1,0
0.44728505,0,1
0.108989541,0,0
0.567567847,1,0
0.950826375,0,1
0.112351569,0,0
0.970985721,0,1
0.592449228,1,0
0.403051524,0,1
0.583628178,1,0
0.21510981,0,0
0.545817121,1,0
0.546013644,1,0
0.469836061,0,1
0.984801165,0,1
0.868514402,0,1
0.764128713,1,1
0.661024747,1,0
0.683723155,1,0
0.881846602,0,1
0.481201287,0,1
0.692254319,1,0
0.30005172,0,1
0.404814896,0,1
0.569264202,1,0
0.266076316,0,1
0.044432505,0,0
0.184980941,0,0
0.421421206,0,1
0.505068242,1,0
0.608608268,1,0
0.339370376,0,1
0.308463964,0,1
0.125642289,0,0
0.784160842,1,1
0.178600143,0,0
0.20813464,0,0
0.412992391,0,1
0.621985592,1,0
0.921426152,0,1
0.809680246,0,1
0.483249918,0,1
0.731665122,1,0
0.695045253,1,0
0.986487574,0,1
0.89155293,0,1
0.07600558,0,0
0.59453501,1,0
0.564564645,1,0
0.582640305,1,0
0.486452072,0,1
0.550507061,1,0
0.820927359,0,1
0.745996382,1,0
0.48865209,0,1
0.79737885,1,1
0.790939195,1,1
0.856980497,0,1
0.723554357,1,0
0.761614239,1,1
0.043603755,0,0
0.192168698,0,0
0.519688668,1,0
0.586114042,1,0
0.67160022,1,0
0.158297478,0,0
0.034115825,0,0
0.139838435,0,0
0.68271251,1,0
0.394468522,0,1
0.765895347,1,1
0.732874638,1,0
0.725786787,1,0
0.89589342,0,1
0.420211648,0,1
0.960119903,0,1
0.40709994,0,1
0.34380843,0,1
0.470307959,0,1
0.724042719,1,0
0.221986398,0,0
0.730305708,1,0
0.739781141,1,0
0.909223272,0,1
0.662975741,1,0
0.815546923,0,1
0.573247908,1,0
0.923462,0,1
0.845890662,0,1
0.428437462,0,1
0.68587749,1,0
0.215788573,0,0
0.674793122,1,0
0.194020234,0,0
0.359480496,0,1
0.144495742,0,0
0.670913814,1,0
0.824329621,0,1
0.66736598,1,0
0.984347226,0,1
0.650637491,1,0
0.975303001,0,1
0.739673167,1,0
0.456566496,0,1
0.567587462,1,0
0.872791078,0,1
0.14585689,0,0
0.988220454,0,1
0.403814214,0,1
0.479115758,0,1
0.378068224,0,1
0.988410344,0,1
0.875783432,0,1
0.930084417,0,1
0.794144229,1,1
0.440521287,0,1
0.827259793,0,1
0.414310941,0,1
0.104672659,0,0
0.961024692,0,1
0.331785071,0,1
0.56950114,1,0
0.817682408,0,1
0.185213383,0,0
0.299079788,0,1
0.053919631,0,0
0.962660573,0,1
0.620347883,1,0
0.328880247,0,1
0.802344217,0,1
0.878214275,0,1
0.258453875,0,1
0.073467343,0,0
0.514635302,1,0
0.611644776,1,0
0.063952188,0,0
0.648881567,1,0
0.085360292,0,0
0.878707242,0,1
0.195440758,0,0
0.250734853,0,1
0.740196258,1,0
0.495698618,0,1
0.178811068,0,0
0.205513862,0,0
0.040136905,0,0
0.409972132,0,1
0.890442735,0,1
0.387059826,0,1
0.989217138,0,1
0.925784128,0,1
0.577813528,1,0
0.485714143,0,1
0.984779901,0,1
0.290752646,0,1
0.079933937,0,0
0.454168716,0,1
0.196826596,0,0
0.258095333,0,1
0.2616218,0,1
0.610265375,1,0
0.6090477,1,0
0.815508484,0,1
0.318519795,0,1
0.119043625,0,0
0.385532001,0,1
0.939752188,0,1
0.494208756,0,1
0.667420187,1,0
0.474115297,0,1
0.642153233,1,0
0.579252366,1,0
0.585227122,1,0
0.091776028,0,0
0.965856334,0,1
0.147989142,0,0
0.08504105,0,0
0.523410032,1,0
0.090294597,0,0
0.146208102,0,0
0.889788362,0,1
0.673902306,1,0
0.834075877,0,1
0.592812125,1,0
0.935360001,0,1
0.621710796,1,0
0.009150626,0,0
0.264777812,0,1
0.073949047,0,0
0.088418967,0,0
0.010720755,0,0
0.445249197,0,1
0.729127244,1,0
0.947464371,0,1
0.431269418,0,1
0.816436489,0,1
0.01546127,0,0
0.514338656,1,0
0.00528368,0,0
0.425169604,0,1
0.975004722,0,1
0.192041024,0,0
0.582335841,1,0
0.80414282,0,1
0.159585244,0,0
0.169428239,0,0
0.03120298,0,0
0.72918299,1,0
0.628540602,1,0
0.779793395,1,1
0.509349396,1,0
0.181564325,0,0
0.459115906,0,1
0.222069524,0,0
0.301199305,0,1
0.321135651,0,1
0.07837041,0,0
0.568567588,1,0
0.469921466,0,1
0.710998329,1,0
0.804812837,0,1
0.213878244,0,0
0.746492008,1,0
0.088409281,0,0
0.70224457,1,0
0.42711485,0,1
0.941861724,0,1
0.306392163,0,1
0.715825871,1,0
0.568379701,1,0
0.371630524,0,1
0.718471267,1,0
0.2864627,0,1
0.026384074,0,0
0.460889614,0,1
0.264379108,0,1
0.750179543,1,1
0.100986874,0,0
0.284602127,0,1
0.220697313,0,0
0.582930382,1,0
0.086218873,0,0
0.601360691,1,0
0.729627617,1,0
0.483461641,0,1
0.419779489,0,1
0.784775049,1,1
0.959576793,0,1
0.483650437,0,1
0.508874017,1,0
0.403052213,0,1
0.477902386,0,1
0.856672704,0,1
0.887192488,0,1
0.505714123,1,0
0.493719161,0,1
0.478076314,0,1
0.697853756,1,0
0.259336742,0,1
0.351557059,0,1
0.501570906,1,0
0.012102168,0,0
0.753561847,1,1
0.087445839,0,0
0.01921778,0,0
0.053641484,0,0
0.936462291,0,1
0.878760549,0,1
0.891587483,0,1
0.550354627,1,0
0.059297502,0,0
0.562255232,1,0
0.732506703,1,0
0.332500072,0,1
0.276523748,0,1
0.663217916,1,0
0.288185396,0,1
0.881273717,0,1
0.892872039,0,1
0.117701263,0,0
0.86362135,0,1
0.360991613,0,1
0.651312436,1,0
0.055329544,0,0
0.823607556,0,1
0.255940409,0,1
0.792488871,1,1
0.514380301,1,0
0.306751953,0,1
0.406928048,0,1
0.369439303,0,1
0.529727167,1,0
0.277082472,0,1
0.07112765,0,0
0.718760432,1,0
0.013962113,0,0
0.2973017,0,1
0.052908297,0,0
0.727403622,1,0
0.255065858,0,1
0.816436354,0,1
0.927132692,0,1
0.226209385,0,0
0.63456407,1,0
0.479065344,0,1
0.45973482,0,1
0.22188477,0,0
0.228502755,0,0
0.702619732,1,0
0.4947084,0,1
0.363359562,0,1
0.982681949,0,1
0.504607391,1,0
0.289829575,0,1
0.402533678,0,1
0.882710855,0,1
0.650331071,1,0
0.64999002,1,0
0.620870821,1,0
0.252589355,0,1
0.702924257,1,0
0.244849286,0,0
0.996928293,0,1
0.175049836,0,0
0.819159795,0,1
0.583682536,1,0
0.330700979,0,1
0.425269752,0,1
0.422950789,0,1
0.212596109,0,0
0.002617477,0,0
0.134770365,0,0
0.672411801,1,0
0.626731965,1,0
0.739670626,1,0
0.991599443,0,1
0.054306482,0,0
0.468586335,0,1
0.457693152,0,1
0.343120494,0,1
0.774003978,1,1
0.77381743,1,1
0.122142969,0,0
0.450758315,0,1
0.298048192,0,1
0.517151749,1,0
0.656116807,1,0
0.50384845,1,0
0.996698763,0,1
0.586449581,1,0
0.441123652,0,1
0.723249978,1,0
0.918101078,0,1
0.167929837,0,0
0.961203597,0,1
0.672316267,1,0
0.385821535,0,1
0.344002381,0,1
0.720691196,1,0
0.965885587,0,1
0.628748891,1,0
0.583439333,1,0
0.880842425,0,1
0.938126465,0,1
0.573527782,1,0
0.712528268,1,0
0.70008114,1,0
0.453683171,0,1
0.819147122,0,1
0.227957333,0,0
0.121389621,0,0
0.347169638,0,1
0.438646026,0,1
0.039618455,0,0
0.941729075,0,1
0.650855359,1,0
0.310795814,0,1
0.425335242,0,1
0.397891646,0,1
0.377996093,0,1
0.051426736,0,0
0.136487621,0,0
0.954807908,0,1
0.628411285,1,0
0.447901491,0,1
0.107041108,0,0
0.788705232,1,1
0.789467911,1,1
0.876536525,0,1
0.857137933,0,1
0.114865215,0,0
0.398740458,0,1
0.571556112,1,0
0.081073684,0,0
0.219916294,0,0
0.468782312,0,1
0.633351851,1,0
0.123208361,0,0
0.901463048,0,1
0.004441614,0,0
0.460002201,0,1
0.120239391,0,0
0.537718656,1,0
0.279715428,0,1
0.913085365,0,1
0.156757952,0,0
0.44517599,0,1
0.669445164,1,0
0.328289239,0,1
0.761984473,1,1
0.914879261,0,1
0.00462971,0,0
0.843352776,0,1
0.605740143,1,0
0.852184747,0,1
0.497413311,0,1
0.143077246,0,0
0.23788351,0,0
0.134606037,0,0
0.281395087,0,1
0.120431249,0,0
0.369067349,0,1
0.961000033,0,1
0.696648728,1,0
0.910794604,0,1
0.398050626,0,1
0.194728391,0,0
0.853147885,0,1
0.491356003,0,1
0.337654407,0,1
0.659430449,1,0
0.152914453,0,0
0.067152503,0,0
0.816348679,0,1
0.628609434,1,0
0.871140432,0,1
0.362701636,0,1
0.620898359,1,0
0.144337854,0,0
0.963430837,0,1
0.75674024,1,1
0.406583423,0,1
0.628383567,1,0
0.575672138,1,0
0.743921619,1,0
0.298222218,0,1
0.944345756,0,1
0.175030847,0,0
0.187001687,0,0
0.905817655,0,1
0.450430715,0,1
0.757274074,1,1
0.041089336,0,0
0.636455588,1,0
0.491982289,0,1
0.406247603,0,1
0.53565743,1,0
0.878564122,0,1
0.076829423,0,0
0.109281421,0,0
0.808307442,0,1
0.757423976,1,1
0.162489571,0,0
0.212112822,0,0
0.262395212,0,1
0.613824141,1,0
0.915511276,0,1
0.331596631,0,1
0.121459676,0,0
0.673484075,1,0
0.697801643,1,0
0.754476498,1,1
0.391332206,0,1
0.336006067,0,1
0.99071464,0,1
0.034775058,0,0
0.6207336,1,0
0.544956876,1,0
0.668076233,1,0
0.715126144,1,0
0.574259846,1,0
0.361920094,0,1
0.172862923,0,0
0.355726738,0,1
0.527292711,1,0
0.974152743,0,1
0.93971439,0,1
0.877510645,0,1
0.584288679,1,0
0.839081132,0,1
0.897265663,0,1
0.042564326,0,0
0.391965212,0,1
0.984763255,0,1
0.326235542,0,1
0.994864684,0,1
0.40915535,0,1
0.080775399,0,0
0.852300264,0,1
0.169906085,0,0
0.369820453,0,1
0.202927568,0,0
0.450573421,0,1
0.34812377,0,1
0.960558289,0,1
0.414826301,0,1
0.410725437,0,1
0.833131601,0,1
0.0074588,0,0
0.652182186,1,0
0.582014844,1,0
0.302608259,0,1
0.729649585,1,0
0.950091699,0,1
0.902867423,0,1
0.038650409,0,0
0.795021005,1,1
0.237417226,0,0
0.478715976,0,1
0.529155767,1,0
0.453627138,0,1
0.807799236,0,1
0.68790833,1,0
0.590357222,1,0
0.413308984,0,1
0.711966795,1,0
0.864047232,0,1
0.521984499,1,0
0.910718358,0,1
0.917755446,0,1
0.345866182,0,1
0.352564551,0,1
0.144195889,0,0
0.005066817,0,0
0.067139515,0,0
0.890608942,0,1
0.416458167,0,1
0.324318445,0,1
0.811336792,0,1
0.40834153,0,1
0.007630881,0,0
0.021932371,0,0
0.982216996,0,1
0.990346277,0,1
0.09812316,0,0
0.486227435,0,1
0.462281468,0,1
0.740695119,1,0
0.949861149,0,1
0.038967819,0,0
0.951427839,0,1
0.457781353,0,1
0.133182977,0,0
0.415259693,0,1
0.029149827,0,0
0.34905834,0,1
0.454948914,0,1
0.02800961,0,0
0.032401087,0,0
0.160620408,0,0
0.35727128,0,1
0.725708036,1,0
0.80645914,0,1
0.387653447,0,1
0.365397394,0,1
0.391159072,0,1
0.208962156,0,0
0.975071681,0,1
0.210689966,0,0
0.679236552,1,0
0.837160942,0,1
0.598303353,1,0
0.567579548,1,0
0.621397002,1,0
0.583316914,1,0
0.132447303,0,0
0.689816921,1,0
0.795415601,1,1
0.085774643,0,0
0.800147346,0,1
0.463546297,0,1
0.618304943,1,0
0.016047421,0,0
0.426478671,0,1
0.58327201,1,0
0.514530612,1,0
0.655634177,1,0
0.629223276,1,0
0.361695302,0,1
0.275219768,0,1
0.264522526,0,1
0.042382252,0,0
0.313700358,0,1
0.97395506,0,1
0.310642896,0,1
0.963299035,0,1
0.953481039,0,1
0.210877555,0,0
0.493087065,0,1
0.518525981,1,0
0.804945366,0,1
0.099569778,0,0
0.301923511,0,1
0.655660705,1,0
0.906822085,0,1
0.037150104,0,0
0.373459855,0,1
0.909498676,0,1
0.08401216,0,0
0.908120502,0,1
0.963025018,0,1
0.701220705,1,0
0.228674854,0,0
0.495955731,0,1
0.824868427,0,1
0.525407073,1,0
0.136758118,0,0
0.97350137,0,1
0.382092233,0,1
0.18281231,0,0
0.863641488,0,1
0.35571559,0,1
0.353039946,0,1
0.764238995,1,1
0.907630866,0,1
0.715302378,1,0
0.527706151,1,0
0.989622794,0,1
0.988712544,0,1
0.156606331,0,0
0.070731365,0,0
0.902303975,0,1
0.432341382,0,1
0.697163972,1,0
0.847559089,0,1
0.537075571,1,0
0.550391542,1,0
0.464181331,0,1
0.475954905,0,1
0.08809993,0,0
0.628837993,1,0
0.096871642,0,0
0.572382046,1,0
0.992334519,0,1
0.933536851,0,1
0.437812353,0,1
0.67790242,1,0
0.883433384,0,1
0.727447379,1,0
0.811759291,0,1
0.986238887,0,1
0.205525078,0,0
0.480830719,0,1
0.801325171,0,1
0.577229962,1,0
0.432919746,0,1
0.267384004,0,1
0.262573094,0,1
0.129569277,0,0
0.412307113,0,1
0.590058492,1,0
0.534318113,1,0
0.454603794,0,1
0.76176161,1,1
0.388897376,0,1
0.593403093,1,0
0.975803393,0,1
0.969891072,0,1
0.001237023,0,0
0.634389885,1,0
0.065721824,0,0
0.097540538,0,0
0.230570615,0,0
0.474942594,0,1
0.973281738,0,1
0.529098716,1,0
0.336706531,0,1
0.012934332,0,0
0.751822639,1,1
0.721419515,1,0
0.790670803,1,1
0.363045906,0,1
0.370797073,0,1
0.529655157,1,0
0.422179377,0,1
0.550405429,1,0
0.17596034,0,0
0.71524285,1,0
0.893878432,0,1
0.922178921,0,1
0.267260762,0,1
0.274383902,0,1
0.067466129,0,0
0.155085191,0,0
0.715197633,1,0
0.801613605,0,1
0.485339768,0,1
0.377198423,0,1
0.002922707,0,0
0.305170964,0,1
0.450286445,0,1
0.20367015,0,0
0.788938086,1,1
0.135331512,0,0
0.337388559,0,1
0.788002649,1,1
0.803039193,0,1
0.897866239,0,1
0.110583253,0,0
0.702183164,1,0
0.611391145,1,0
0.750229665,1,1
0.918376222,0,1
0.642552626,1,0
0.501995985,1,0
0.17704245,0,0
0.518317218,1,0
0.620398267,1,0
0.655665042,1,0
0.838202228,0,1
0.184424809,0,0
0.586349282,1,0
0.00388631,0,0
0.757765974,1,1
0.868772685,0,1
0.462414518,0,1
0.088962092,0,0
0.635017873,1,0
0.188369673,0,0
0.652561193,1,0
0.628377561,1,0
0.621175759,1,0
0.147600906,0,0
0.430715701,0,1
0.451521247,0,1
0.142724482,0,0
0.93728488,0,1
0.4717279,0,1
0.117209328,0,0
0.315646708,0,1
0.217320003,0,0
0.487744475,0,1
0.565286312,1,0
0.475633441,0,1
0.197627082,0,0
0.706527528,1,0
0.006675061,0,0
0.935952439,0,1
0.857579246,0,1
0.142723802,0,0
0.471699386,0,1
0.337382781,0,1
0.794597736,1,1
0.868531773,0,1
0.573320221,1,0
0.730854159,1,0
0.358682523,0,1
0.804651041,0,1
0.143121398,0,0
0.584663991,1,0
0.677821204,1,0
0.416645735,0,1
0.106022678,0,0
0.461599529,0,1
0.190051425,0,0
0.612984604,1,0
0.371286679,0,1
0.630353851,1,0
0.687030848,1,0
0.894973364,0,1
0.782196875,1,1
0.755276749,1,1
0.255328856,0,1
0.704287609,1,0
0.72445032,1,0
0.965907197,0,1
0.332830329,0,1
0.288582237,0,1
0.403979444,0,1
0.831260837,0,1
0.046105648,0,0
0.459129063,0,1
0.935668861,0,1
0.773035289,1,1
0.924389578,0,1
0.121651152,0,0
0.706631124,1,0
0.09893163,0,0
0.728400649,1,0
0.788218081,1,1
0.384508863,0,1
0.470273229,0,1
0.615604616,1,0
0.672009425,1,0
0.526856053,1,0
0.345793193,0,1
0.530864754,1,0
0.128716615,0,0
0.333487404,0,1
0.081750582,0,0
0.694066024,1,0
0.095740979,0,0
0.907100734,0,1
0.684398534,1,0
0.933950799,0,1
0.979998737,0,1
0.556405653,1,0
0.255797924,0,1
0.259001358,0,1
0.840017497,0,1
0.717896803,1,0
0.569728683,1,0
0.111168242,0,0
0.923989925,0,1
0.000452238,0,0
0.153896094,0,0
0.138146543,0,0
0.889338898,0,1
0.218206292,0,0
0.725621768,1,0
0.803817663,0,1
0.518084831,1,0
0.100573411,0,0
0.685564238,1,0
0.313666388,0,1
0.66555972,1,0
0.117202779,0,0
0.217759988,0,0
0.386919539,0,1
0.77905322,1,1
0.808841065,0,1
0.398821415,0,1
0.357716341,0,1
0.148170538,0,0
0.108004762,0,0
0.246769973,0,0
0.351087277,0,1
0.03053101,0,0
0.539875176,1,0
0.1221756,0,0
0.444708114,0,1
0.689919471,1,0
0.551915709,1,0
0.877050247,0,1
0.861135218,0,1
0.468228793,0,1
0.566918735,1,0
0.429715444,0,1
0.44509269,0,1
0.200714901,0,0
0.520480334,1,0
0.120165097,0,0
0.971289578,0,1
0.741550575,1,0
0.426613375,0,1
0.433961908,0,1
0.029427888,0,0
0.590288001,1,0
0.628109859,1,0
0.764162408,1,1
0.815222053,0,1
0.548460783,1,0
0.821140134,0,1
0.120635238,0,0
0.167060158,0,0
0.264285111,0,1
0.75883976,1,1
0.764828954,1,1
0.262766306,0,1
0.266386609,0,1
0.348651594,0,1
0.427588553,0,1
0.154913694,0,0
0.340818806,0,1
0.845723852,0,1
0.085529107,0,0
0.831922137,0,1
0.428362487,0,1
0.72949297,1,0
0.509129196,1,0
0.49093144,0,1
0.922326944,0,1
0.68696532,1,0
0.211648704,0,0
0.022238144,0,0
0.335473739,0,1
0.226591056,0,0
0.362686292,0,1
0.896726267,0,1
0.990648131,0,1
0.906383123,0,1
0.61568437,1,0
0.665644128,1,0
0.041734028,0,0
0.76132528,1,1
0.676817267,1,0
0.665337455,1,0
0.195122445,0,0
0.999885977,0,1
0.637802812,1,0
0.262412023,0,1
0.010324534,0,0
0.50121658,1,0
0.336360697,0,1
0.699899305,1,0
0.787055043,1,1
0.050295148,0,0
0.574213118,1,0
0.830475687,0,1
0.167381327,0,0
0.101992165,0,0
0.906737505,0,1
0.77773935,1,1
0.933772366,0,1
0.511083791,1,0
0.540357192,1,0
0.751849111,1,1
0.015088373,0,0
0.547616058,1,0
0.726995353,1,0
0.678548914,1,0
0.69264463,1,0
0.381179456,0,1
0.340062305,0,1
0.449296905,0,1
0.017274688,0,0
0.510943061,1,0
0.567523551,1,0
0.295431874,0,1
0.044395174,0,0
0.117985969,0,0
0.225797186,0,0
0.926575583,0,1
0.126803198,0,0
0.476279382,0,1
0.392595497,0,1
0.975826395,0,1
0.178602177,0,0
0.48050574,0,1
0.855215688,0,1
0.963898779,0,1
0.679609119,1,0
0.115437145,0,0
0.900515024,0,1
0.270520518,0,1
0.551608244,1,0
0.794259617,1,1
0.337310211,0,1
0.488432229,0,1
0.849293265,0,1
0.011828324,0,0
0.059538405,0,0
0.8697917,0,1
0.045088809,0,0
0.332740206,0,1
0.479732925,0,1
0.648115385,1,0
0.834384912,0,1
0.342775895,0,1
0.68919105,1,0
0.172625762,0,0
0.300223861,0,1
0.91020168,0,1
0.487850797,0,1
0.662987204,1,0
0.268139142,0,1
0.917573501,0,1
0.538210216,1,0
0.546074637,1,0
0.764925193,1,1
0.077039611,0,0
0.583757473,1,0
0.119190522,0,0
0.05107254,0,0
0.114401806,0,0
0.281164893,0,1
0.564763953,1,0
0.034976273,0,0
0.871935381,0,1
0.379860247,0,1
0.507933195,1,0
0.295049814,0,1
0.820396993,0,1
0.942797276,0,1
0.707757669,1,0
0.829742395,0,1
0.629260772,1,0
0.098128315,0,0
0.64552669,1,0
0.440666296,0,1
0.998974373,0,1
0.372291439,0,1
0.49633971,0,1
0.833275188,0,1
0.641815788,1,0
0.408255693,0,1
0.301327357,0,1
0.47196999,0,1
0.650995968,1,0
0.269593588,0,1
0.523284678,1,0
0.230088623,0,0
0.921513604,0,1
0.696087755,1,0
0.656455302,1,0
0.906788381,0,1
0.02727618,0,0
0.183504312,0,0
0.943648708,0,1
0.168270021,0,0
0.779925015,1,1
0.654845236,1,0
0.363887128,0,1
0.179843052,0,0
0.255941859,0,1
0.517517666,1,0
0.775585759,1,1
0.113789744,0,0
0.406615218,0,1
0.040228402,0,0
0.606707151,1,0
0.825035644,0,1
0.582917909,1,0
0.418389335,0,1
0.388517552,0,1
0.403731716,0,1
0.666527485,1,0
0.466328491,0,1
0.281636733,0,1
0.597358911,1,0
0.905501771,0,1
0.915272168,0,1
0.210658172,0,0
0.474538743,0,1
0.990652115,0,1
0.468957278,0,1
0.768721984,1,1
0.485439539,0,1
0.487241729,0,1
0.75964112,1,1
0.4270075,0,1
0.214958057,0,0
0.884667681,0,1
0.464504844,0,1
0.320288053,0,1
0.398474913,0,1
0.335657453,0,1
0.866151688,0,1
0.14025908,0,0
0.823396894,0,1
0.263734537,0,1
0.665327349,1,0
0.820357935,0,1
0.161484976,0,0
0.718174115,1,0
0.851612025,0,1
0.148745677,0,0
0.772268266,1,1
0.399726392,0,1
0.400598229,0,1
0.277892326,0,1
0.235085785,0,0
0.904173073,0,1
0.660671586,1,0
0.755906248,1,1
0.988281624,0,1
0.70186763,1,0
0.046015022,0,0
0.778284963,1,1
0.552775746,1,0
0.873068008,0,1
0.197407197,0,0
0.208434649,0,0
0.743758326,1,0
0.000814123,0,0
0.795554699,1,1
0.509038109,1,0
0.292010506,0,1
0.423455855,0,1
0.491217341,0,1
0.983422941,0,1
0.975922625,0,1
0.137424149,0,0
0.852338605,0,1
0.478911766,0,1
0.025624235,0,0
0.3003394,0,1
0.480276758,0,1
0.68083011,1,0
0.73229322,1,0
0.092260444,0,0
0.191334993,0,0
0.266486954,0,1
0.207601287,0,0
0.326419144,0,1
0.962926992,0,1
0.245513472,0,0
0.564271123,1,0
0.991192022,0,1
0.991489033,0,1
0.231376612,0,0
0.269968633,0,1
0.824844341,0,1
0.892853932,0,1
0.385178255,0,1
0.525277047,1,0
0.133467187,0,0
0.544570976,1,0
0.390782742,0,1
0.019615626,0,0
0.719872402,1,0
0.255149109,0,1
0.101718838,0,0
0.720871772,1,0
0.524620099,1,0
0.40729068,0,1
0.372175846,0,1
0.106493441,0,0
0.079952166,0,0
0.309342026,0,1
0.097230485,0,0
0.862331261,0,1
0.242711608,0,0
0.169672868,0,0
0.318636288,0,1
0.156799436,0,0
0.805612582,0,1
0.448584255,0,1
0.685611141,1,0
0.779710345,1,1
0.833325543,0,1
0.272471963,0,1
0.668427964,1,0
0.885511461,0,1
0.140749756,0,0
0.537969718,1,0
0.301205962,0,1
0.754851499,1,1
0.200574859,0,0
0.429076961,0,1
0.049375183,0,0
0.789381045,1,1
0.428183593,0,1
0.651720449,1,0
0.961855221,0,1
0.358108272,0,1
0.187313995,0,0
0.145087924,0,0
0.225997967,0,0
0.910802547,0,1
0.269896642,0,1
0.872951316,0,1
0.272485878,0,1
0.39541002,0,1
0.374753379,0,1
0.749979849,1,0
0.224918681,0,0
0.910435186,0,1
0.912930933,0,1
0.680693993,1,0
0.687906884,1,0
0.619080565,1,0
0.178881139,0,0
0.91154669,0,1
0.023643051,0,0
0.538950541,1,0
0.128543312,0,0
0.701030358,1,0
0.188891715,0,0
0.598178098,1,0
0.352470611,0,1
0.354508661,0,1
0.08367819,0,0
0.454642931,0,1
0.091269638,0,0
0.507718494,1,0
0.750560003,1,1
0.05137296,0,0
0.634863282,1,0
0.075144425,0,0
0.309979296,0,1
0.150406769,0,0
0.456063258,0,1
0.227074563,0,0
0.217872568,0,0
0.934186085,0,1
0.177123778,0,0
0.372962842,0,1
0.259385077,0,1
0.562124215,1,0
0.242476381,0,0
0.52361013,1,0
0.989271612,0,1
0.818623574,0,1
0.858688989,0,1
0.429055067,0,1
0.917291651,0,1
0.59227997,1,0
0.996634338,0,1
0.05496083,0,0
0.398981827,0,1
0.95164057,0,1
0.066111869,0,0
0.4995265,0,1
0.922487415,0,1
0.952667746,0,1
0.920185358,0,1
0.903848091,0,1
0.229583723,0,0
0.720942237,1,0
0.693675789,1,0
0.59201229,1,0
0.42781141,0,1
0.882912867,0,1
0.533109523,1,0
0.185809071,0,0
0.365412396,0,1
0.619953396,1,0
0.665653064,1,0
0.259746565,0,1
0.538420355,1,0
0.960595377,0,1
0.570787283,1,0
0.710749895,1,0
0.971780179,0,1
0.887022886,0,1
0.847686054,0,1
0.411732745,0,1
0.024726112,0,0
0.566344874,1,0
0.484705956,0,1
0.33017179,0,1
0.875459577,0,1
0.788123985,1,1
0.050196175,0,0
0.697316879,1,0
0.219560075,0,0
0.632127301,1,0
0.228859711,0,0
0.918240264,0,1
0.542002184,1,0
0.473675114,0,1
0.326545189,0,1
0.101011335,0,0
0.138841348,0,0
0.23123305,0,0
0.146589296,0,0
0.573513713,1,0
0.883653536,0,1
0.29793762,0,1
0.228015329,0,0
0.08668115,0,0
0.842385394,0,1
0.329959388,0,1
0.89734032,0,1
0.554849885,1,0
0.291124558,0,1
0.540749857,1,0
0.800517494,0,1
0.93225112,0,1
0.879067829,0,1
0.007252595,0,0
0.483632355,0,1
0.83368783,0,1
0.761174164,1,1
0.648950813,1,0
0.858761192,0,1
0.943778808,0,1
0.762646545,1,1
0.068987887,0,0
0.692160246,1,0
0.107423138,0,0
0.696344001,1,0
0.985966266,0,1
0.674157689,1,0
0.653942169,1,0
0.633619039,1,0
0.539080131,1,0
0.547365194,1,0
0.428728016,0,1
0.1185611,0,0
0.924520649,0,1
0.14770514,0,0
0.752414009,1,1
0.431169129,0,1
0.963834303,0,1
0.356943068,0,1
0.479812627,0,1
0.458655622,0,1
0.505488855,1,0
0.672900255,1,0
0.474841636,0,1
0.775819215,1,1
0.779020981,1,1
0.490098992,0,1
0.024413725,0,0
0.176659428,0,0
0.336182611,0,1
0.721407337,1,0
0.972290768,0,1
0.206308594,0,0
0.57452594,1,0
0.828579076,0,1
0.646292705,1,0
0.920467707,0,1
0.278112232,0,1
0.097488782,0,0
0.46067539,0,1
0.318182852,0,1
0.817888599,0,1
0.970409072,0,1
0.92673128,0,1
0.148175621,0,0
0.400592243,0,1
0.193300255,0,0
0.495378902,0,1
0.765360727,1,1
0.659420241,1,0
0.790729399,1,1
0.137942837,0,0
0.933262483,0,1
0.098490084,0,0
0.327245719,0,1
0.74040143,1,0
0.75791095,1,1
0.333877353,0,1
0.081328239,0,0
0.750010668,1,1
0.704020534,1,0
0.212122248,0,0
0.492163008,0,1
0.369362248,0,1
0.724993906,1,0
0.574756084,1,0
0.92901807,0,1
0.999415833,0,1
0.382533106,0,1
0.499469335,0,1
0.829548613,0,1
0.013835221,0,0
0.231911237,0,0
0.820091966,0,1
0.668482389,1,0
0.612259078,1,0
0.450786188,0,1
0.935051215,0,1
0.480337863,0,1
0.231316773,0,0
0.928209884,0,1
0.059717781,0,0
0.005302995,0,0
0.994787009,0,1
0.028493186,0,0
0.368345931,0,1
0.809659817,0,1
0.181578743,0,0
0.971852024,0,1
0.208783705,0,0
0.841103279,0,1
0.551885299,1,0
0.015700606,0,0
0.838635721,0,1
0.054653288,0,0
0.673418737,1,0
0.509833074,1,0
0.433579045,0,1
0.549080804,1,0
0.278167528,0,1
0.79522124,1,1
0.568004976,1,0
0.931944604,0,1
0.330232605,0,1
0.074812821,0,0
0.072531009,0,0
0.201614261,0,0
0.736636976,1,0
0.388311852,0,1
0.093828972,0,0
0.947487259,0,1
0.227639697,0,0
0.3623896,0,1
0.10401296,0,0
0.829970884,0,1
0.59940475,1,0
0.812352271,0,1
0.882820129,0,1
0.034123005,0,0
0.04446479,0,0
0.721041587,1,0
0.031571339,0,0
0.32702133,0,1
0.620917613,1,0
0.006509541,0,0
0.822989247,0,1
0.860341911,0,1
0.360321893,0,1
0.420306704,0,1
0.697900291,1,0
0.472463446,0,1
0.981508423,0,1
0.659851509,1,0
0.664764201,1,0
0.664158607,1,0
0.819701377,0,1
0.191094146,0,0
0.871665879,0,1
0.199853915,0,0
0.737330988,1,0
0.649272033,1,0
0.904872293,0,1
0.407733623,0,1
0.200315435,0,0
0.787805856,1,1
0.386309547,0,1
0.829529808,0,1
0.800692404,0,1
0.225368499,0,0
0.434010474,0,1
0.330583487,0,1
0.90346627,0,1
0.71255545,1,0
0.463895311,0,1
0.139226622,0,0
0.86258652,0,1
0.482079438,0,1
0.059190807,0,0
0.582032439,1,0
0.653815096,1,0
0.951751017,0,1
0.589347825,1,0
0.489992775,0,1
0.403520311,0,1
0.18341781,0,0
0.663051024,1,0
0.124955501,0,0
0.450679435,0,1
0.396036347,0,1
0.051650223,0,0
0.623799737,1,0
0.159001736,0,0
0.740456793,1,0
0.710541895,1,0
0.99151787,0,1
0.73677377,1,0
0.127258378,0,0
0.616835094,1,0
0.961146416,0,1
0.85091167,0,1
0.345297382,0,1
0.036265424,0,0
0.612727185,1,0
0.780343587,1,1
0.42150408,0,1
0.510765038,1,0
0.716359243,1,0
0.260899768,0,1
0.676716716,1,0
0.92244434,0,1
0.571743298,1,0
0.246928693,0,0
0.633563549,1,0
0.164946041,0,0
0.171163447,0,0
0.426827321,0,1
0.688635372,1,0
0.092073888,0,0
0.79179569,1,1
0.682690924,1,0
0.127738987,0,0
0.594810588,1,0
0.717003052,1,0
0.111199701,0,0
0.023980533,0,0
0.069580332,0,0
0.897891227,0,1
0.089513817,0,0
0.43256661,0,1
0.468080627,0,1
0.392973511,0,1
0.698488968,1,0
0.432040246,0,1
0.349100512,0,1
0.986154163,0,1
0.558317863,1,0
0.352083513,0,1
0.109557047,0,0
0.862698081,0,1
0.471396691,0,1
0.89649834,0,1
0.735253346,1,0
0.421558275,0,1
0.796944802,1,1
0.444276596,0,1
0.974089933,0,1
0.600992176,1,0
0.330407104,0,1
0.63348674,1,0
0.58300911,1,0
0.513319174,1,0
0.495830443,0,1
0.155588831,0,0
0.968687395,0,1
0.674890869,1,0
0.869794905,0,1
0.159000557,0,0
0.945765319,0,1
0.892546528,0,1
0.864674531,0,1
0.817335832,0,1
0.62385274,1,0
0.851395037,0,1
0.483997668,0,1
0.041306715,0,0
0.504366967,1,0
0.574005613,1,0
0.046071712,0,0
0.265580505,0,1
0.553415044,1,0
0.430606551,0,1
0.389378808,0,1
0.876027824,0,1
0.737259632,1,0
0.307125641,0,1
0.48740581,0,1
0.91162837,0,1
0.573410077,1,0
0.777473914,1,1
0.517182224,1,0
0.40190697,0,1
0.287338818,0,1
0.907248706,0,1
0.239823815,0,0
0.023783161,0,0
0.723196241,1,0
0.722452563,1,0
0.873455006,0,1
0.845458103,0,1
0.420475643,0,1
0.080612378,0,0
0.710170109,1,0
0.9749678,0,1
0.021925169,0,0
0.766006251,1,1
0.08696239,0,0
0.162018318,0,0
0.61758988,1,0
0.314398484,0,1
0.255379979,0,1
0.685459997,1,0
0.909465062,0,1
0.678718617,1,0
0.585282483,1,0
0.262316147,0,1
0.778227582,1,1
0.015009003,0,0
0.030268677,0,0
0.393912235,0,1
0.372156843,0,1
0.302368347,0,1
0.319676332,0,1
0.785349695,1,1
0.756493514,1,1
0.01992152,0,0
0.487877676,0,1
0.519422484,1,0
0.771663039,1,1
0.916109371,0,1
0.377870847,0,1
0.206482606,0,0
0.53730577,1,0
0.504748608,1,0
0.672502772,1,0
0.612808686,1,0
0.079183434,0,0
0.161818402,0,0
0.60877496,1,0
0.787395764,1,1
0.336282214,0,1
0.239013468,0,0
0.324247854,0,1
0.204896134,0,0
0.56655777,1,0
0.796189827,1,1
0.558328493,1,0
0.035729939,0,0
0.301868021,0,1
0.75673722,1,1
0.238689693,0,0
0.811075679,0,1
0.42102523,0,1
0.359894067,0,1
0.838504994,0,1
0.121040118,0,0
0.358228043,0,1
0.297748667,0,1
0.648936734,1,0
0.988461298,0,1
0.183484279,0,0
0.991958704,0,1
0.987348932,0,1
0.000392984,0,0
0.589429295,1,0
0.844944384,0,1
0.086099833,0,0
0.348777017,0,1
0.376110754,0,1
0.080790754,0,0
0.426796856,0,1
0.905368556,0,1
0.624061601,1,0
0.543896164,1,0
0.18066459,0,0
0.659121826,1,0
0.619269267,1,0
0.767191525,1,1
0.669545702,1,0
0.065791773,0,0
0.171819342,0,0
0.838033092,0,1
0.031297453,0,0
0.841223418,0,1
0.416352314,0,1
0.385148916,0,1
0.545791712,1,0
0.496395491,0,1
0.360217312,0,1
0.125582202,0,0
0.272561726,0,1
0.68204524,1,0
0.963852736,0,1
0.793203999,1,1
0.984790135,0,1
0.631272061,1,0
0.577621608,1,0
0.522321482,1,0
0.318286888,0,1
0.044300648,0,0
0.522713297,1,0
0.90923287,0,1
0.88290229,0,1
0.265400271,0,1
0.312787352,0,1
0.954921824,0,1
0.239267583,0,0
0.657927987,1,0
0.445662005,0,1
0.239346497,0,0
0.734542763,1,0
0.711570605,1,0
0.517629054,1,0
0.175255399,0,0
0.936070431,0,1
0.029563859,0,0
0.785811911,1,1
0.046206251,0,0
0.193683067,0,0
0.613122809,1,0
0.995596963,0,1
0.939156172,0,1
0.093936369,0,0
0.881514607,0,1
0.988466434,0,1
0.178551994,0,0
0.703843924,1,0
0.595184171,1,0
0.17697958,0,0
0.342022785,0,1
0.971062408,0,1
0.317359094,0,1
0.971129849,0,1
0.55944714,1,0
0.016747274,0,0
0.902231472,0,1
0.334440092,0,1
0.962452174,0,1
0.016534103,0,0
0.768816485,1,1
0.844343976,0,1
0.975398231,0,1
0.157097684,0,0
0.242573471,0,0
0.893607773,0,1
0.493382567,0,1
0.032905206,0,0
0.518354795,1,0
0.63413829,1,0
0.6333406,1,0
0.52988554,1,0
0.065394749,0,0
0.443840508,0,1
0.468659768,0,1
0.259433015,0,1
0.974403373,0,1
0.885920348,0,1
0.001326757,0,0
0.059820683,0,0
0.615623675,1,0
0.418152059,0,1
0.140674015,0,0
0.645590771,1,0
0.154796698,0,0
0.526439623,1,0
0.670283501,1,0
0.678475667,1,0
0.056704275,0,0
0.044841415,0,0
0.472582341,0,1
0.254410345,0,1
0.425227866,0,1
0.349055706,0,1
0.847025114,0,1
0.101504842,0,0
0.203641316,0,0
0.268986166,0,1
0.835137603,0,1
0.668681622,1,0
0.198378324,0,0
0.676160257,1,0
0.7175939,1,0
0.696566048,1,0
0.28353141,0,1
0.900111686,0,1
0.77735965,1,1
0.543831815,1,0
0.011211059,0,0
0.890272907,0,1
0.713638451,1,0
0.089160379,0,0
0.515158022,1,0
0.574037521,1,0
0.302028211,0,1
0.893361246,0,1
0.068077178,0,0
0.132157696,0,0
0.214525093,0,0
0.057148844,0,0
0.100453639,0,0
0.343980635,0,1
0.810860711,0,1
0.659461654,1,0
0.145404869,0,0
0.048110601,0,0
0.144540259,0,0
0.339220545,0,1
0.027083352,0,0
0.497097907,0,1
0.980638563,0,1
0.654434533,1,0
0.161508412,0,0
0.233913137,0,0
0.405284988,0,1
0.610611839,1,0
0.682062675,1,0
0.361452164,0,1
0.206459406,0,0
0.403138461,0,1
0.475338871,0,1
0.560600097,1,0
0.536032059,1,0
0.667580494,1,0
0.465415863,0,1
0.274149005,0,1
0.058763949,0,0
0.977001397,0,1
0.051543615,0,0
0.697003574,1,0
0.369986315,0,1
0.564599905,1,0
0.706162412,1,0
0.248002335,0,0
0.711731505,1,0
0.865959708,0,1
0.674318319,1,0
0.206708089,0,0
0.672519224,1,0
0.558099906,1,0
0.544548767,1,0
0.187009432,0,0
0.340862416,0,1
0.968667617,0,1
0.459585183,0,1
0.113344171,0,0
0.776396759,1,1
0.460368783,0,1
0.433307827,0,1
0.940322958,0,1
0.858314383,0,1
0.500287477,1,0
0.104881847,0,0
0.857336862,0,1
0.445148624,0,1
0.34448509,0,1
0.215703825,0,0
0.237959726,0,0
0.99995869,0,1
0.678080961,1,0
0.084509789,0,0
0.465817464,0,1
0.158957608,0,0
0.077562849,0,0
0.478892898,0,1
0.093202208,0,0
0.299341115,0,1
0.885456667,0,1
0.852833112,0,1
0.491466464,0,1
0.806796564,0,1
0.852540097,0,1
0.289960692,0,1
0.476236308,0,1
0.913071877,0,1
0.088038988,0,0
0.726734754,1,0
0.611115835,1,0
0.061674704,0,0
0.334983893,0,1
0.203943392,0,0
0.917673857,0,1
0.668467821,1,0
0.50968271,1,0
0.75098681,1,1
0.248829221,0,0
0.546365338,1,0
0.123371003,0,0
0.443362846,0,1
0.054006687,0,0
0.342464579,0,1
0.435310418,0,1
0.652114934,1,0
0.272822324,0,1
0.784272228,1,1
0.235902417,0,0
0.194485028,0,0
0.055966509,0,0
0.903913287,0,1
0.839964655,0,1
0.205132161,0,0
0.227692342,0,0
0.229680744,0,0
0.226531808,0,0
0.113806986,0,0
0.440060534,0,1
0.998875291,0,1
0.002274035,0,0
0.783485064,1,1
0.611597787,1,0
0.275889671,0,1
0.576198422,1,0
0.627196712,1,0
0.469173627,0,1
0.924278004,0,1
0.768332415,1,1
0.318357076,0,1
0.229867379,0,0
0.327642226,0,1
0.114977083,0,0
0.127172216,0,0
0.772840879,1,1
0.222574446,0,0
0.494723621,0,1
0.200952556,0,0
0.413347036,0,1
0.287551409,0,1
0.895139101,0,1
0.577786014,1,0
0.074657792,0,0
0.662236087,1,0
0.80819691,0,1
0.031283718,0,0
0.423237348,0,1
0.034367713,0,0
0.969983506,0,1
0.595397297,1,0
0.910019419,0,1
0.364620896,0,1
0.001608578,0,0
0.282381446,0,1
0.364521367,0,1
0.860823053,0,1
0.626106532,1,0
0.155823213,0,0
0.451830843,0,1
0.021492985,0,0
0.657517605,1,0
0.606885154,1,0
0.624113306,1,0
0.810527409,0,1
0.291111562,0,1
0.854458372,0,1
0.548174124,1,0
0.93569962,0,1
0.568413785,1,0
0.737035658,1,0
0.674835849,1,0
0.998882688,0,1
0.077674147,0,0
0.226525248,0,0
0.942233593,0,1
0.981074648,0,1
0.941098403,0,1
0.180428699,0,0
0.373030043,0,1
0.527471363,1,0
0.495638757,0,1
0.942512053,0,1
0.469816275,0,1
0.634344916,1,0
0.168691068,0,0
0.914014277,0,1
0.160626468,0,0
0.834003512,0,1
0.025546851,0,0
0.235468235,0,0
0.911830234,0,1
0.671422868,1,0
0.797966435,1,1
0.781297294,1,1
0.181733514,0,0
0.072534098,0,0
0.281800457,0,1
0.968497191,0,1
0.823838484,0,1
0.50360036,1,0
0.860332297,0,1
0.245305795,0,0
0.852394501,0,1
0.273011179,0,1
0.522584125,1,0
0.894195133,0,1
0.455225764,0,1
0.27033092,0,1
0.975539882,0,1
0.119868614,0,0
0.09791598,0,0
0.69151339,1,0
0.628292923,1,0
0.241382969,0,0
0.846690039,0,1
0.583837395,1,0
0.327035538,0,1
0.141105281,0,0
0.234454455,0,0
0.785398041,1,1
0.583937605,1,0
0.034354167,0,0
0.253332098,0,1
0.630164056,1,0
0.376025753,0,1
0.363339421,0,1
0.222200601,0,0
0.986476876,0,1
0.355962673,0,1
0.280253615,0,1
0.575606178,1,0
0.22011051,0,0
0.151984347,0,0
0.012812395,0,0
0.958764333,0,1
0.172362231,0,0
0.696796044,1,0
0.362011048,0,1
0.575135281,1,0
0.962030025,0,1
0.093176843,0,0
0.604223435,1,0
0.159611241,0,0
0.716503601,1,0
0.226041833,0,0
0.391184954,0,1
0.947420522,0,1
0.660806539,1,0
0.639950085,1,0
0.563858699,1,0
0.301516377,0,1
0.140032439,0,0
0.881262713,0,1
0.388117489,0,1
0.91279129,0,1
0.266771273,0,1
0.317181208,0,1
0.282061627,0,1
0.69674578,1,0
0.928318804,0,1
0.416304082,0,1
0.988931786,0,1
0.277518752,0,1
0.004289279,0,0
0.301675535,0,1
0.160518231,0,0
0.161504594,0,0
0.80583496,0,1
0.817411296,0,1
0.559279368,1,0
0.245096215,0,0
0.879598027,0,1
0.025728393,0,0
0.306688638,0,1
0.979709316,0,1
0.644450397,1,0
0.879532039,0,1
0.196756817,0,0
0.641177034,1,0
0.813582693,0,1
0.421411652,0,1
0.990367444,0,1
0.332013502,0,1
0.658757841,1,0
0.453866166,0,1
0.895774178,0,1
0.0365041,0,0
0.917427762,0,1
0.562150238,1,0
0.605701242,1,0
0.847162525,0,1
0.066509467,0,0
0.934161685,0,1
0.634078155,1,0
0.873467967,0,1
0.460167775,0,1
0.307772244,0,1
0.052435046,0,0
0.059777264,0,0
0.798052219,1,1
0.873227884,0,1
0.697847567,1,0
0.713570054,1,0
0.976790771,0,1
0.437985579,0,1
0.527560811,1,0
0.712906088,1,0
0.892831465,0,1
0.656651791,1,0
0.514552059,1,0
0.679909778,1,0
0.097966174,0,0
0.445059319,0,1
0.473734306,0,1
0.467089816,0,1
0.004119899,0,0
0.682748061,1,0
0.517049405,1,0
0.668358593,1,0
0.493920699,0,1
0.679690855,1,0
0.466389478,0,1
0.220393188,0,0
0.193191049,0,0
0.044771554,0,0
0.548064375,1,0
0.317760493,0,1
0.57115579,1,0
0.985669684,0,1
0.507573489,1,0
0.41249482,0,1
0.514960269,1,0
0.638761517,1,0
0.939020085,0,1
0.521651613,1,0
0.521255656,1,0
0.564771375,1,0
0.603727621,1,0
0.66435934,1,0
0.13254004,0,0
0.27097627,0,1
0.619285307,1,0
0.031060995,0,0
0.686365511,1,0
0.737875531,1,0
0.042824157,0,0
0.631525762,1,0
0.362946602,0,1
0.698763459,1,0
0.874576505,0,1
0.025486165,0,0
0.161886338,0,0
0.680245171,1,0
0.314075915,0,1
0.535976851,1,0
0.566603721,1,0
0.568615114,1,0
0.571825872,1,0
0.94216187,0,1
0.815172823,0,1
0.065163506,0,0
0.651149255,1,0
0.521159358,1,0
0.229535337,0,0
0.018880238,0,0
0.178139398,0,0
0.598678902,1,0
0.815839508,0,1
0.746758722,1,0
0.025225309,0,0
0.983002782,0,1
0.513454355,1,0
0.841406206,0,1
0.292353136,0,1
0.017334818,0,0
0.20294013,0,0
0.328239106,0,1
0.092039041,0,0
0.181507489,0,0
0.395061501,0,1
0.345585091,0,1
0.348777809,0,1
0.701462783,1,0
0.290978164,0,1
0.125667644,0,0
0.920800242,0,1
0.582702614,1,0
0.011525472,0,0
0.713935837,1,0
0.02936817,0,0
0.017014692,0,0
0.24597482,0,0
0.991229255,0,1
0.803144249,0,1
0.219686504,0,0
0.123596373,0,0
0.010119259,0,0
0.047689223,0,0
0.049370397,0,0
0.350466086,0,1
0.626438028,1,0
0.308545641,0,1
0.014043821,0,0
0.367768711,0,1
0.821832694,0,1
0.757413648,1,1
0.128016782,0,0
0.077348451,0,0
0.637775343,1,0
0.049707211,0,0
0.926679871,0,1
0.351595221,0,1
0.772646378,1,1
0.420034752,0,1
0.712091815,1,0
0.240880566,0,0
0.65117523,1,0
0.322102531,0,1
0.115842565,0,0
0.830420772,0,1
0.506018404,1,0
0.970026671,0,1
0.58118346,1,0
0.178009184,0,0
0.864176601,0,1
0.400719509,0,1
0.26137104,0,1
0.757711407,1,1
0.003723931,0,0
0.363658905,0,1
0.35923893,0,1
0.291643786,0,1
0.956449133,0,1
0.25984851,0,1
0.222353039,0,0
0.513351659,1,0
0.91678547,0,1
0.05340921,0,0
0.762630036,1,1
0.365891566,0,1
0.601499602,1,0
0.936470464,0,1
0.88246916,0,1
0.100109583,0,0
0.362429617,0,1
0.883199366,0,1
0.586985178,1,0
0.131631658,0,0
0.55238364,1,0
0.619093192,1,0
0.751268047,1,1
0.168750048,0,0
0.389407467,0,1
0.949001954,0,1
0.054099739,0,0
0.569586379,1,0
0.453215445,0,1
0.094241825,0,0
0.222700137,0,0
0.796741304,1,1
0.902053594,0,1
0.873433735,0,1
0.814773217,0,1
0.030566791,0,0
0.445172135,0,1
0.307215449,0,1
0.437819188,0,1
0.718527052,1,0
0.081340225,0,0
0.736502485,1,0
0.63709156,1,0
0.79978795,1,1
0.700145095,1,0
0.895785833,0,1
0.103459509,0,0
0.250684617,0,1
0.701023226,1,0
0.108352053,0,0
0.844999894,0,1
0.97084471,0,1
0.344256974,0,1
0.277468384,0,1
0.777545752,1,1
0.684173653,1,0
0.963550795,0,1
0.764215822,1,1
0.40963691,0,1
0.612869443,1,0
0.840568206,0,1
0.96596268,0,1
0.24759486,0,0
0.318768045,0,1
0.478314447,0,1
0.448272068,0,1
0.668846822,1,0
0.741954357,1,0
0.605928137,1,0
0.884145247,0,1
0.824336768,0,1
0.088863449,0,0
0.636143834,1,0
0.836874477,0,1
0.487629819,0,1
0.44182532,0,1
0.095090299,0,0
0.465766669,0,1
0.444278904,0,1
0.51949148,1,0
0.393620327,0,1
0.384631824,0,1
0.802829837,0,1
0.019324498,0,0
0.765759927,1,1
0.047840995,0,0
0.537523619,1,0
0.066383696,0,0
0.408233787,0,1
0.63066583,1,0
0.142542694,0,0
0.279394869,0,1
0.764004796,1,1
0.278068377,0,1
0.647864438,1,0
0.31787865,0,1
0.565326894,1,0
0.228258077,0,0
0.873106723,0,1
0.935064682,0,1
0.393793124,0,1
0.029010886,0,0
0.634790923,1,0
0.046316077,0,0
0.291330225,0,1
0.410031439,0,1
0.086180067,0,0
0.032073326,0,0
0.626529034,1,0
0.021131834,0,0
0.703206209,1,0
0.866028431,0,1
0.866894778,0,1
0.883415721,0,1
0.299963182,0,1
0.844931081,0,1
0.232852707,0,0
0.371479159,0,1
0.671632843,1,0
0.005930728,0,0
0.006878236,0,0
0.101699358,0,0
0.236314157,0,0
0.317609393,0,1
0.787742364,1,1
0.51203328,1,0
0.390094021,0,1
0.475332571,0,1
0.106703187,0,0
0.91242886,0,1
0.877346374,0,1
0.170613929,0,0
0.321880893,0,1
0.853103623,0,1
0.708943221,1,0
0.553067314,1,0
0.718334445,1,0
0.136385581,0,0
0.951682793,0,1
0.750915228,1,1
0.904138478,0,1
0.277429818,0,1
0.735171386,1,0
0.188993275,0,0
0.081578637,0,0
0.769251701,1,1
0.745561485,1,0
0.770178911,1,1
0.317062836,0,1
0.92523427,0,1
0.971033336,0,1
0.403987936,0,1
0.362119969,0,1
0.6734405,1,0
0.406883374,0,1
0.433124628,0,1
0.712972807,1,0
0.401347331,0,1
0.430456012,0,1
0.652478911,1,0
0.013195579,0,0
0.209276012,0,0
0.669189476,1,0
0.931402872,0,1
0.40282742,0,1
0.51933711,1,0
0.236326857,0,0
0.509833566,1,0
0.732210203,1,0
0.491510555,0,1
0.315656321,0,1
0.594573086,1,0
0.823471615,0,1
0.730769235,1,0
0.152651692,0,0
0.588549981,1,0
0.133753271,0,0
0.418256943,0,1
0.034686765,0,0
0.432208347,0,1
0.778268654,1,1
0.606025864,1,0
0.962993745,0,1
0.802029435,0,1
0.199657891,0,0
0.237008251,0,0
0.849066132,0,1
0.742732884,1,0
0.651104889,1,0
0.368857877,0,1
0.919248962,0,1
0.245210621,0,0
0.84090252,0,1
0.626273097,1,0
0.653319934,1,0
0.83992534,0,1
0.212098306,0,0
0.007240401,0,0
0.614210728,1,0
0.514047436,1,0
0.871462128,0,1
0.169247274,0,0
0.404528978,0,1
0.422645578,0,1
0.548196256,1,0
0.859962674,0,1
0.451921141,0,1
0.743428298,1,0
0.371857626,0,1
0.180972381,0,0
0.090713718,0,0
0.699511051,1,0
0.406740605,0,1
0.440645075,0,1
0.4102215,0,1
0.087864168,0,0
0.76951484,1,1
0.697993073,1,0
0.586143773,1,0
0.086263477,0,0
0.850930494,0,1
0.865991839,0,1
0.074288978,0,0
0.382146401,0,1
0.344139575,0,1
